600.76000977	100.19000244
601.52001953	100.37999725
602.28002930	100.56999969
603.03997803	100.76000214
603.79998779	100.94999695
604.55999756	101.13999939
605.32000732	101.33000183
606.08001709	101.51999664
606.84002686	101.70999908
607.59997559	101.90000153
608.35998535	102.08999634
609.11999512	102.27999878
609.88000488	102.47000122
610.64001465	102.66000366
611.40002441	102.84999847
612.15997314	103.04000092
612.91998291	103.23000336
613.67999268	103.41999817
614.44000244	103.61000061
615.20001221	103.80000305
615.96002197	103.98999786
616.71997070	104.18000031
617.47998047	104.37000275
618.23999023	104.55999756
619.00000000	104.75000000
619.76000977	104.94000244
620.52001953	105.12999725
621.28002930	105.31999969
622.03997803	105.51000214
622.79998779	105.69999695
623.55999756	105.88999939
624.32000732	106.08000183
625.08001709	106.26999664
625.84002686	106.45999908
626.59997559	106.65000153
627.35998535	106.83999634
628.11999512	107.02999878
628.88000488	107.22000122
629.64001465	107.41000366
630.40002441	107.59999847
631.15997314	107.79000092
631.91998291	107.98000336
632.67999268	108.16999817
633.44000244	108.36000061
634.20001221	108.55000305
634.96002197	108.73999786
635.71997070	108.93000031
636.47998047	109.12000275
637.23999023	109.30999756
638.00000000	109.50000000
638.76000977	109.69000244
639.52001953	109.87999725
640.28002930	110.06999969
641.03997803	110.26000214
641.79998779	110.44999695
642.55999756	110.63999939
643.32000732	110.83000183
644.08001709	111.01999664
644.84002686	111.20999908
645.59997559	111.40000153
646.35998535	111.58999634
647.11999512	111.77999878
647.88000488	111.97000122
648.64001465	112.16000366
649.40002441	112.34999847
650.15997314	112.54000092
650.91998291	112.73000336
651.67999268	112.91999817
652.44000244	113.11000061
653.20001221	113.30000305
653.96002197	113.48999786
654.71997070	113.68000031
655.47998047	113.87000275
656.23999023	114.05999756
657.00000000	114.25000000
657.76000977	114.44000244
658.52001953	114.62999725
659.28002930	114.81999969
660.03997803	115.01000214
660.79998779	115.19999695
661.55999756	115.38999939
662.32000732	115.58000183
663.08001709	115.76999664
663.84002686	115.95999908
664.59997559	116.15000153
665.35998535	116.33999634
666.11999512	116.52999878
666.88000488	116.72000122
667.64001465	116.91000366
668.40002441	117.09999847
669.15997314	117.29000092
669.91998291	117.48000336
670.67999268	117.66999817
671.44000244	117.86000061
672.20001221	118.05000305
672.96002197	118.23999786
673.71997070	118.43000031
674.47998047	118.62000275
675.23999023	118.80999756
676.00000000	119.00000000
676.76000977	119.19000244
677.52001953	119.37999725
678.28002930	119.56999969
679.03997803	119.76000214
679.79998779	119.94999695
680.55999756	120.13999939
681.32000732	120.33000183
682.08001709	120.51999664
682.84002686	120.70999908
683.59997559	120.90000153
684.35998535	121.08999634
685.11999512	121.27999878
685.88000488	121.47000122
686.64001465	121.66000366
687.40002441	121.84999847
688.15997314	122.04000092
688.91998291	122.23000336
689.67999268	122.41999817
690.44000244	122.61000061
691.20001221	122.80000305
691.96002197	122.98999786
692.71997070	123.18000031
693.47998047	123.37000275
694.23999023	123.55999756
695.00000000	123.75000000
695.76000977	123.94000244
696.52001953	124.12999725
697.28002930	124.31999969
698.03997803	124.51000214
698.79998779	124.69999695
699.55999756	124.88999939
700.32000732	125.08000183
701.08001709	125.26999664
701.84002686	125.45999908
702.59997559	125.65000153
703.35998535	125.83999634
704.11999512	126.02999878
704.88000488	126.22000122
705.64001465	126.41000366
706.40002441	126.59999847
707.15997314	126.79000092
707.91998291	126.98000336
708.67999268	127.16999817
709.44000244	127.36000061
710.20001221	127.55000305
710.96002197	127.73999786
711.71997070	127.93000031
712.47998047	128.11999512
713.23999023	128.30999756
714.00000000	128.50000000
714.76000977	128.69000244
715.52001953	128.88000488
716.28002930	129.07000732
717.03997803	129.25999451
717.79998779	129.44999695
718.55999756	129.63999939
719.32000732	129.83000183
720.08001709	130.02000427
720.84002686	130.21000671
721.59997559	130.39999390
722.35998535	130.58999634
723.11999512	130.77999878
723.88000488	130.97000122
724.64001465	131.16000366
725.40002441	131.35000610
726.15997314	131.53999329
726.91998291	131.72999573
727.67999268	131.91999817
728.44000244	132.11000061
729.20001221	132.30000305
729.96002197	132.49000549
730.71997070	132.67999268
731.47998047	132.86999512
732.23999023	133.05999756
733.00000000	133.25000000
733.76000977	133.44000244
734.52001953	133.63000488
735.28002930	133.82000732
736.03997803	134.00999451
736.79998779	134.19999695
737.55999756	134.38999939
738.32000732	134.58000183
739.08001709	134.77000427
739.84002686	134.96000671
740.59997559	135.14999390
741.35998535	135.33999634
742.11999512	135.52999878
742.88000488	135.72000122
743.64001465	135.91000366
744.40002441	136.10000610
745.15997314	136.28999329
745.91998291	136.47999573
746.67999268	136.66999817
747.44000244	136.86000061
748.20001221	137.05000305
748.96002197	137.24000549
749.71997070	137.42999268
750.47998047	137.61999512
751.23999023	137.80999756
752.00000000	138.00000000
752.76000977	138.19000244
753.52001953	138.38000488
754.28002930	138.57000732
755.03997803	138.75999451
755.79998779	138.94999695
756.55999756	139.13999939
757.32000732	139.33000183
758.08001709	139.52000427
758.84002686	139.71000671
759.59997559	139.89999390
760.35998535	140.08999634
761.11999512	140.27999878
761.88000488	140.47000122
762.64001465	140.66000366
763.40002441	140.85000610
764.15997314	141.03999329
764.91998291	141.22999573
765.67999268	141.41999817
766.44000244	141.61000061
767.20001221	141.80000305
767.96002197	141.99000549
768.71997070	142.17999268
769.47998047	142.36999512
770.23999023	142.55999756
771.00000000	142.75000000
771.76000977	142.94000244
772.52001953	143.13000488
773.28002930	143.32000732
774.03997803	143.50999451
774.79998779	143.69999695
775.55999756	143.88999939
776.32000732	144.08000183
777.08001709	144.27000427
777.84002686	144.46000671
778.59997559	144.64999390
779.35998535	144.83999634
780.11999512	145.02999878
780.88000488	145.22000122
781.64001465	145.41000366
782.40002441	145.60000610
783.15997314	145.78999329
783.91998291	145.97999573
784.67999268	146.16999817
785.44000244	146.36000061
786.20001221	146.55000305
786.96002197	146.74000549
787.71997070	146.92999268
788.47998047	147.11999512
789.23999023	147.30999756
790.00000000	147.50000000
790.76000977	147.69000244
791.52001953	147.88000488
792.28002930	148.07000732
793.03997803	148.25999451
793.79998779	148.44999695
794.55999756	148.63999939
795.32000732	148.83000183
796.08001709	149.02000427
796.84002686	149.21000671
797.59997559	149.39999390
798.35998535	149.58999634
799.11999512	149.77999878
799.88000488	149.97000122
800.64001465	150.16000366
801.40002441	150.35000610
802.15997314	150.53999329
802.91998291	150.72999573
803.67999268	150.91999817
804.44000244	151.11000061
805.20001221	151.30000305
805.96002197	151.49000549
806.71997070	151.67999268
807.47998047	151.86999512
808.23999023	152.05999756
809.00000000	152.25000000
809.76000977	152.44000244
810.52001953	152.63000488
811.28002930	152.82000732
812.03997803	153.00999451
812.79998779	153.19999695
813.55999756	153.38999939
814.32000732	153.58000183
815.08001709	153.77000427
815.84002686	153.96000671
816.59997559	154.14999390
817.35998535	154.33999634
818.11999512	154.52999878
818.88000488	154.72000122
819.64001465	154.91000366
820.40002441	155.10000610
821.15997314	155.28999329
821.91998291	155.47999573
822.67999268	155.66999817
823.44000244	155.86000061
824.20001221	156.05000305
824.96002197	156.24000549
825.71997070	156.42999268
826.47998047	156.61999512
827.23999023	156.80999756
828.00000000	157.00000000
828.76000977	157.19000244
829.52001953	157.38000488
830.28002930	157.57000732
831.03997803	157.75999451
831.79998779	157.94999695
832.55999756	158.13999939
833.32000732	158.33000183
834.08001709	158.52000427
834.84002686	158.71000671
835.59997559	158.89999390
836.35998535	159.08999634
837.11999512	159.27999878
837.88000488	159.47000122
838.64001465	159.66000366
839.40002441	159.85000610
840.15997314	160.03999329
840.91998291	160.22999573
841.67999268	160.41999817
842.44000244	160.61000061
843.20001221	160.80000305
843.96002197	160.99000549
844.71997070	161.17999268
845.47998047	161.36999512
846.23999023	161.55999756
847.00000000	161.75000000
847.76000977	161.94000244
848.52001953	162.13000488
849.28002930	162.32000732
850.03997803	162.50999451
850.79998779	162.69999695
851.55999756	162.88999939
852.32000732	163.08000183
853.08001709	163.27000427
853.84002686	163.46000671
854.59997559	163.64999390
855.35998535	163.83999634
856.11999512	164.02999878
856.88000488	164.22000122
857.64001465	164.41000366
858.40002441	164.60000610
859.15997314	164.78999329
859.91998291	164.97999573
860.67999268	165.16999817
861.44000244	165.36000061
862.20001221	165.55000305
862.96002197	165.74000549
863.71997070	165.92999268
864.47998047	166.11999512
865.23999023	166.30999756
866.00000000	166.50000000
866.76000977	166.69000244
867.52001953	166.88000488
868.28002930	167.07000732
869.03997803	167.25999451
869.79998779	167.44999695
870.55999756	167.63999939
871.32000732	167.83000183
872.08001709	168.02000427
872.84002686	168.21000671
873.59997559	168.39999390
874.35998535	168.58999634
875.11999512	168.77999878
875.88000488	168.97000122
876.64001465	169.16000366
877.40002441	169.35000610
878.15997314	169.53999329
878.91998291	169.72999573
879.67999268	169.91999817
880.44000244	170.11000061
881.20001221	170.30000305
881.96002197	170.49000549
882.71997070	170.67999268
883.47998047	170.86999512
884.23999023	171.05999756
885.00000000	171.25000000
885.76000977	171.44000244
886.52001953	171.63000488
887.28002930	171.82000732
888.03997803	172.00999451
888.79998779	172.19999695
889.55999756	172.38999939
890.32000732	172.58000183
891.08001709	172.77000427
891.84002686	172.96000671
892.59997559	173.14999390
893.35998535	173.33999634
894.11999512	173.52999878
894.88000488	173.72000122
895.64001465	173.91000366
896.40002441	174.10000610
897.15997314	174.28999329
897.91998291	174.47999573
898.67999268	174.66999817
899.44000244	174.86000061
900.20001221	175.05000305
900.96002197	175.24000549
901.71997070	175.42999268
902.47998047	175.61999512
903.23999023	175.80999756
904.00000000	176.00000000
904.76000977	176.19000244
905.52001953	176.38000488
906.28002930	176.57000732
907.03997803	176.75999451
907.79998779	176.94999695
908.55999756	177.13999939
909.32000732	177.33000183
910.08001709	177.52000427
910.84002686	177.71000671
911.59997559	177.89999390
912.35998535	178.08999634
913.11999512	178.27999878
913.88000488	178.47000122
914.64001465	178.66000366
915.40002441	178.85000610
916.15997314	179.03999329
916.91998291	179.22999573
917.67999268	179.41999817
918.44000244	179.61000061
919.20001221	179.80000305
919.96002197	179.99000549
920.71997070	180.17999268
921.47998047	180.36999512
922.23999023	180.55999756
923.00000000	180.75000000
923.76000977	180.94000244
924.52001953	181.13000488
925.28002930	181.32000732
926.03997803	181.50999451
926.79998779	181.69999695
927.55999756	181.88999939
928.32000732	182.08000183
929.08001709	182.27000427
929.84002686	182.46000671
930.59997559	182.64999390
931.35998535	182.83999634
932.11999512	183.02999878
932.88000488	183.22000122
933.64001465	183.41000366
934.40002441	183.60000610
935.15997314	183.78999329
935.91998291	183.97999573
936.67999268	184.16999817
937.44000244	184.36000061
938.20001221	184.55000305
938.96002197	184.74000549
939.71997070	184.92999268
940.47998047	185.11999512
941.23999023	185.30999756
942.00000000	185.50000000
942.76000977	185.69000244
943.52001953	185.88000488
944.28002930	186.07000732
945.03997803	186.25999451
945.79998779	186.44999695
946.55999756	186.63999939
947.32000732	186.83000183
948.08001709	187.02000427
948.84002686	187.21000671
949.59997559	187.39999390
950.35998535	187.58999634
951.11999512	187.77999878
951.88000488	187.97000122
952.64001465	188.16000366
953.40002441	188.35000610
954.15997314	188.53999329
954.91998291	188.72999573
955.67999268	188.91999817
956.44000244	189.11000061
957.20001221	189.30000305
957.96002197	189.49000549
958.71997070	189.67999268
959.47998047	189.86999512
960.23999023	190.05999756
961.00000000	190.25000000
961.76000977	190.44000244
962.52001953	190.63000488
963.28002930	190.82000732
964.03997803	191.00999451
964.79998779	191.19999695
965.55999756	191.38999939
966.32000732	191.58000183
967.08001709	191.77000427
967.84002686	191.96000671
968.59997559	192.14999390
969.35998535	192.33999634
970.11999512	192.52999878
970.88000488	192.72000122
971.64001465	192.91000366
972.40002441	193.10000610
973.15997314	193.28999329
973.91998291	193.47999573
974.67999268	193.66999817
975.44000244	193.86000061
976.20001221	194.05000305
976.96002197	194.24000549
977.71997070	194.42999268
978.47998047	194.61999512
979.23999023	194.80999756
980.00000000	195.00000000
980.76000977	195.19000244
981.52001953	195.38000488
982.28002930	195.57000732
983.03997803	195.75999451
983.79998779	195.94999695
984.55999756	196.13999939
985.32000732	196.33000183
986.08001709	196.52000427
986.84002686	196.71000671
987.59997559	196.89999390
988.35998535	197.08999634
989.11999512	197.27999878
989.88000488	197.47000122
990.64001465	197.66000366
991.40002441	197.85000610
992.15997314	198.03999329
992.91998291	198.22999573
993.67999268	198.41999817
994.44000244	198.61000061
995.20001221	198.80000305
995.96002197	198.99000549
996.71997070	199.17999268
997.47998047	199.36999512
998.23999023	199.55999756
999.00000000	199.75000000
999.76000977	199.94000244
1000.52001953	200.13000488
1001.28002930	200.32000732
1002.03997803	200.50999451
1002.79998779	200.69999695
1003.55999756	200.88999939
1004.32000732	201.08000183
1005.08001709	201.27000427
1005.84002686	201.46000671
1006.59997559	201.64999390
1007.35998535	201.83999634
1008.11999512	202.02999878
1008.88000488	202.22000122
1009.64001465	202.41000366
1010.40002441	202.60000610
1011.15997314	202.78999329
1011.91998291	202.97999573
1012.67999268	203.16999817
1013.44000244	203.36000061
1014.20001221	203.55000305
1014.96002197	203.74000549
1015.71997070	203.92999268
1016.47998047	204.11999512
1017.23999023	204.30999756
1018.00000000	204.50000000
1018.76000977	204.69000244
1019.52001953	204.88000488
1020.28002930	205.07000732
1021.03997803	205.25999451
1021.79998779	205.44999695
1022.55999756	205.63999939
1023.32000732	205.83000183
1024.07995605	206.02000427
1024.83996582	206.21000671
1025.59997559	206.39999390
1026.35998535	206.58999634
1027.11999512	206.77999878
1027.88000488	206.97000122
1028.64001465	207.16000366
1029.40002441	207.35000610
1030.16003418	207.53999329
1030.92004395	207.72999573
1031.68005371	207.91999817
1032.43994141	208.11000061
1033.19995117	208.30000305
1033.95996094	208.49000549
1034.71997070	208.67999268
1035.47998047	208.86999512
1036.23999023	209.05999756
1037.00000000	209.25000000
1037.76000977	209.44000244
1038.52001953	209.63000488
1039.28002930	209.82000732
1040.04003906	210.00999451
1040.80004883	210.19999695
1041.56005859	210.38999939
1042.31994629	210.58000183
1043.07995605	210.77000427
1043.83996582	210.96000671
1044.59997559	211.14999390
1045.35998535	211.33999634
1046.11999512	211.52999878
1046.88000488	211.72000122
1047.64001465	211.91000366
1048.40002441	212.10000610
1049.16003418	212.28999329
1049.92004395	212.47999573
1050.68005371	212.66999817
1051.43994141	212.86000061
1052.19995117	213.05000305
1052.95996094	213.24000549
1053.71997070	213.42999268
1054.47998047	213.61999512
1055.23999023	213.80999756
1056.00000000	214.00000000
1056.76000977	214.19000244
1057.52001953	214.38000488
1058.28002930	214.57000732
1059.04003906	214.75999451
1059.80004883	214.94999695
1060.56005859	215.13999939
1061.31994629	215.33000183
1062.07995605	215.52000427
1062.83996582	215.71000671
1063.59997559	215.89999390
1064.35998535	216.08999634
1065.11999512	216.27999878
1065.88000488	216.47000122
1066.64001465	216.66000366
1067.40002441	216.85000610
1068.16003418	217.03999329
1068.92004395	217.22999573
1069.68005371	217.41999817
1070.43994141	217.61000061
1071.19995117	217.80000305
1071.95996094	217.99000549
1072.71997070	218.17999268
1073.47998047	218.36999512
1074.23999023	218.55999756
1075.00000000	218.75000000
1075.76000977	218.94000244
1076.52001953	219.13000488
1077.28002930	219.32000732
1078.04003906	219.50999451
1078.80004883	219.69999695
1079.56005859	219.88999939
1080.31994629	220.08000183
1081.07995605	220.27000427
1081.83996582	220.46000671
1082.59997559	220.64999390
1083.35998535	220.83999634
1084.11999512	221.02999878
1084.88000488	221.22000122
1085.64001465	221.41000366
1086.40002441	221.60000610
1087.16003418	221.78999329
1087.92004395	221.97999573
1088.68005371	222.16999817
1089.43994141	222.36000061
1090.19995117	222.55000305
1090.95996094	222.74000549
1091.71997070	222.92999268
1092.47998047	223.11999512
1093.23999023	223.30999756
1094.00000000	223.50000000
1094.76000977	223.69000244
1095.52001953	223.88000488
1096.28002930	224.07000732
1097.04003906	224.25999451
1097.80004883	224.44999695
1098.56005859	224.63999939
1099.31994629	224.83000183
1100.07995605	225.02000427
1100.83996582	225.21000671
1101.59997559	225.39999390
1102.35998535	225.58999634
1103.11999512	225.77999878
1103.88000488	225.97000122
1104.64001465	226.16000366
1105.40002441	226.35000610
1106.16003418	226.53999329
1106.92004395	226.72999573
1107.68005371	226.91999817
1108.43994141	227.11000061
1109.19995117	227.30000305
1109.95996094	227.49000549
1110.71997070	227.67999268
1111.47998047	227.86999512
1112.23999023	228.05999756
1113.00000000	228.25000000
1113.76000977	228.44000244
1114.52001953	228.63000488
1115.28002930	228.82000732
1116.04003906	229.00999451
1116.80004883	229.19999695
1117.56005859	229.38999939
1118.31994629	229.58000183
1119.07995605	229.77000427
1119.83996582	229.96000671
1120.59997559	230.14999390
1121.35998535	230.33999634
1122.11999512	230.52999878
1122.88000488	230.72000122
1123.64001465	230.91000366
1124.40002441	231.10000610
1125.16003418	231.28999329
1125.92004395	231.47999573
1126.68005371	231.66999817
1127.43994141	231.86000061
1128.19995117	232.05000305
1128.95996094	232.24000549
1129.71997070	232.42999268
1130.47998047	232.61999512
1131.23999023	232.80999756
1132.00000000	233.00000000
1132.76000977	233.19000244
1133.52001953	233.38000488
1134.28002930	233.57000732
1135.04003906	233.75999451
1135.80004883	233.94999695
1136.56005859	234.13999939
1137.31994629	234.33000183
1138.07995605	234.52000427
1138.83996582	234.71000671
1139.59997559	234.89999390
1140.35998535	235.08999634
1141.11999512	235.27999878
1141.88000488	235.47000122
1142.64001465	235.66000366
1143.40002441	235.85000610
1144.16003418	236.03999329
1144.92004395	236.22999573
1145.68005371	236.41999817
1146.43994141	236.61000061
1147.19995117	236.80000305
1147.95996094	236.99000549
1148.71997070	237.17999268
1149.47998047	237.36999512
1150.23999023	237.55999756
1151.00000000	237.75000000
1151.76000977	237.94000244
1152.52001953	238.13000488
1153.28002930	238.32000732
1154.04003906	238.50999451
1154.80004883	238.69999695
1155.56005859	238.88999939
1156.31994629	239.08000183
1157.07995605	239.27000427
1157.83996582	239.46000671
1158.59997559	239.64999390
1159.35998535	239.83999634
1160.11999512	240.02999878
1160.88000488	240.22000122
1161.64001465	240.41000366
1162.40002441	240.60000610
1163.16003418	240.78999329
1163.92004395	240.97999573
1164.68005371	241.16999817
1165.43994141	241.36000061
1166.19995117	241.55000305
1166.95996094	241.74000549
1167.71997070	241.92999268
1168.47998047	242.11999512
1169.23999023	242.30999756
1170.00000000	242.50000000
1170.76000977	242.69000244
1171.52001953	242.88000488
1172.28002930	243.07000732
1173.04003906	243.25999451
1173.80004883	243.44999695
1174.56005859	243.63999939
1175.31994629	243.83000183
1176.07995605	244.02000427
1176.83996582	244.21000671
1177.59997559	244.39999390
1178.35998535	244.58999634
1179.11999512	244.77999878
1179.88000488	244.97000122
1180.64001465	245.16000366
1181.40002441	245.35000610
1182.16003418	245.53999329
1182.92004395	245.72999573
1183.68005371	245.91999817
1184.43994141	246.11000061
1185.19995117	246.30000305
1185.95996094	246.49000549
1186.71997070	246.67999268
1187.47998047	246.86999512
1188.23999023	247.05999756
1189.00000000	247.25000000
1189.76000977	247.44000244
1190.52001953	247.63000488
1191.28002930	247.82000732
1192.04003906	248.00999451
1192.80004883	248.19999695
1193.56005859	248.38999939
1194.31994629	248.58000183
1195.07995605	248.77000427
1195.83996582	248.96000671
1196.59997559	249.14999390
1197.35998535	249.33999634
1198.11999512	249.52999878
1198.88000488	249.72000122
1199.64001465	249.91000366
1200.40002441	250.10000610
1201.16003418	250.28999329
1201.92004395	250.47999573
1202.68005371	250.66999817
1203.43994141	250.86000061
1204.19995117	251.05000305
1204.95996094	251.24000549
1205.71997070	251.42999268
1206.47998047	251.61999512
1207.23999023	251.80999756
1208.00000000	252.00000000
1208.76000977	252.19000244
1209.52001953	252.38000488
1210.28002930	252.57000732
1211.04003906	252.75999451
1211.80004883	252.94999695
1212.56005859	253.13999939
1213.31994629	253.33000183
1214.07995605	253.52000427
1214.83996582	253.71000671
1215.59997559	253.89999390
1216.35998535	254.08999634
1217.11999512	254.27999878
1217.88000488	254.47000122
1218.64001465	254.66000366
1219.40002441	254.85000610
1220.16003418	255.03999329
1220.92004395	255.22999573
1221.68005371	255.41999817
1222.43994141	255.61000061
1223.19995117	255.80000305
1223.95996094	255.99000549
1224.71997070	256.17999268
1225.47998047	256.36999512
1226.23999023	256.55999756
1227.00000000	256.75000000
1227.76000977	256.94000244
1228.52001953	257.13000488
1229.28002930	257.32000732
1230.04003906	257.51000977
1230.80004883	257.70001221
1231.56005859	257.89001465
1232.31994629	258.07998657
1233.07995605	258.26998901
1233.83996582	258.45999146
1234.59997559	258.64999390
1235.35998535	258.83999634
1236.11999512	259.02999878
1236.88000488	259.22000122
1237.64001465	259.41000366
1238.40002441	259.60000610
1239.16003418	259.79000854
1239.92004395	259.98001099
1240.68005371	260.17001343
1241.43994141	260.35998535
1242.19995117	260.54998779
1242.95996094	260.73999023
1243.71997070	260.92999268
1244.47998047	261.11999512
1245.23999023	261.30999756
1246.00000000	261.50000000
1246.76000977	261.69000244
1247.52001953	261.88000488
1248.28002930	262.07000732
1249.04003906	262.26000977
1249.80004883	262.45001221
1250.56005859	262.64001465
1251.31994629	262.82998657
1252.07995605	263.01998901
1252.83996582	263.20999146
1253.59997559	263.39999390
1254.35998535	263.58999634
1255.11999512	263.77999878
1255.88000488	263.97000122
1256.64001465	264.16000366
1257.40002441	264.35000610
1258.16003418	264.54000854
1258.92004395	264.73001099
1259.68005371	264.92001343
1260.43994141	265.10998535
1261.19995117	265.29998779
1261.95996094	265.48999023
1262.71997070	265.67999268
1263.47998047	265.86999512
1264.23999023	266.05999756
1265.00000000	266.25000000
1265.76000977	266.44000244
1266.52001953	266.63000488
1267.28002930	266.82000732
1268.04003906	267.01000977
1268.80004883	267.20001221
1269.56005859	267.39001465
1270.31994629	267.57998657
1271.07995605	267.76998901
1271.83996582	267.95999146
1272.59997559	268.14999390
1273.35998535	268.33999634
1274.11999512	268.52999878
1274.88000488	268.72000122
1275.64001465	268.91000366
1276.40002441	269.10000610
1277.16003418	269.29000854
1277.92004395	269.48001099
1278.68005371	269.67001343
1279.43994141	269.85998535
1280.19995117	270.04998779
1280.95996094	270.23999023
1281.71997070	270.42999268
1282.47998047	270.61999512
1283.23999023	270.80999756
1284.00000000	271.00000000
1284.76000977	271.19000244
1285.52001953	271.38000488
1286.28002930	271.57000732
1287.04003906	271.76000977
1287.80004883	271.95001221
1288.56005859	272.14001465
1289.31994629	272.32998657
1290.07995605	272.51998901
1290.83996582	272.70999146
1291.59997559	272.89999390
1292.35998535	273.08999634
1293.11999512	273.27999878
1293.88000488	273.47000122
1294.64001465	273.66000366
1295.40002441	273.85000610
1296.16003418	274.04000854
1296.92004395	274.23001099
1297.68005371	274.42001343
1298.43994141	274.60998535
1299.19995117	274.79998779
1299.95996094	274.98999023
1300.71997070	275.17999268
1301.47998047	275.36999512
1302.23999023	275.55999756
1303.00000000	275.75000000
1303.76000977	275.94000244
1304.52001953	276.13000488
1305.28002930	276.32000732
1306.04003906	276.51000977
1306.80004883	276.70001221
1307.56005859	276.89001465
1308.31994629	277.07998657
1309.07995605	277.26998901
1309.83996582	277.45999146
1310.59997559	277.64999390
1311.35998535	277.83999634
1312.11999512	278.02999878
1312.88000488	278.22000122
1313.64001465	278.41000366
1314.40002441	278.60000610
1315.16003418	278.79000854
1315.92004395	278.98001099
1316.68005371	279.17001343
1317.43994141	279.35998535
1318.19995117	279.54998779
1318.95996094	279.73999023
1319.71997070	279.92999268
1320.47998047	280.11999512
1321.23999023	280.30999756
1322.00000000	280.50000000
1322.76000977	280.69000244
1323.52001953	280.88000488
1324.28002930	281.07000732
1325.04003906	281.26000977
1325.80004883	281.45001221
1326.56005859	281.64001465
1327.31994629	281.82998657
1328.07995605	282.01998901
1328.83996582	282.20999146
1329.59997559	282.39999390
1330.35998535	282.58999634
1331.11999512	282.77999878
1331.88000488	282.97000122
1332.64001465	283.16000366
1333.40002441	283.35000610
1334.16003418	283.54000854
1334.92004395	283.73001099
1335.68005371	283.92001343
1336.43994141	284.10998535
1337.19995117	284.29998779
1337.95996094	284.48999023
1338.71997070	284.67999268
1339.47998047	284.86999512
1340.23999023	285.05999756
1341.00000000	285.25000000
1341.76000977	285.44000244
1342.52001953	285.63000488
1343.28002930	285.82000732
1344.04003906	286.01000977
1344.80004883	286.20001221
1345.56005859	286.39001465
1346.31994629	286.57998657
1347.07995605	286.76998901
1347.83996582	286.95999146
1348.59997559	287.14999390
1349.35998535	287.33999634
1350.11999512	287.52999878
1350.88000488	287.72000122
1351.64001465	287.91000366
1352.40002441	288.10000610
1353.16003418	288.29000854
1353.92004395	288.48001099
1354.68005371	288.67001343
1355.43994141	288.85998535
1356.19995117	289.04998779
1356.95996094	289.23999023
1357.71997070	289.42999268
1358.47998047	289.61999512
1359.23999023	289.80999756
600.00000000	100.00000000
600.84002686	100.51000214
601.67999268	101.01999664
602.52001953	101.52999878
603.35998535	102.04000092
604.20001221	102.55000305
605.03997803	103.05999756
605.88000488	103.56999969
606.71997070	104.08000183
607.55999756	104.58999634
608.40002441	105.09999847
609.23999023	105.61000061
610.08001709	106.12000275
610.91998291	106.62999725
611.76000977	107.13999939
612.59997559	107.65000153
613.44000244	108.16000366
614.28002930	108.66999817
615.11999512	109.18000031
615.96002197	109.69000244
616.79998779	110.19999695
617.64001465	110.70999908
618.47998047	111.22000122
619.32000732	111.73000336
620.15997314	112.23999786
621.00000000	112.75000000
621.84002686	113.26000214
622.67999268	113.76999664
623.52001953	114.27999878
624.35998535	114.79000092
625.20001221	115.30000305
626.03997803	115.80999756
626.88000488	116.31999969
627.71997070	116.83000183
628.55999756	117.33999634
629.40002441	117.84999847
630.23999023	118.36000061
631.08001709	118.87000275
631.91998291	119.37999725
632.76000977	119.88999939
633.59997559	120.40000153
634.44000244	120.91000366
635.28002930	121.41999817
636.11999512	121.93000031
636.96002197	122.44000244
637.79998779	122.94999695
638.64001465	123.45999908
639.47998047	123.97000122
640.32000732	124.48000336
641.15997314	124.98999786
642.00000000	125.50000000
642.84002686	126.01000214
643.67999268	126.51999664
644.52001953	127.02999878
645.35998535	127.54000092
646.20001221	128.05000305
647.03997803	128.55999756
647.88000488	129.07000732
648.71997070	129.58000183
649.55999756	130.08999634
650.40002441	130.60000610
651.23999023	131.11000061
652.08001709	131.61999512
652.91998291	132.13000488
653.76000977	132.63999939
654.59997559	133.14999390
655.44000244	133.66000366
656.28002930	134.16999817
657.11999512	134.67999268
657.96002197	135.19000244
658.79998779	135.69999695
659.64001465	136.21000671
660.47998047	136.72000122
661.32000732	137.22999573
662.15997314	137.74000549
663.00000000	138.25000000
663.84002686	138.75999451
664.67999268	139.27000427
665.52001953	139.77999878
666.35998535	140.28999329
667.20001221	140.80000305
668.03997803	141.30999756
668.88000488	141.82000732
669.71997070	142.33000183
670.55999756	142.83999634
671.40002441	143.35000610
672.23999023	143.86000061
673.08001709	144.36999512
673.91998291	144.88000488
674.76000977	145.38999939
675.59997559	145.89999390
676.44000244	146.41000366
677.28002930	146.91999817
678.11999512	147.42999268
678.96002197	147.94000244
679.79998779	148.44999695
680.64001465	148.96000671
681.47998047	149.47000122
682.32000732	149.97999573
683.15997314	150.49000549
684.00000000	151.00000000
684.84002686	151.50999451
685.67999268	152.02000427
686.52001953	152.52999878
687.35998535	153.03999329
688.20001221	153.55000305
689.03997803	154.05999756
689.88000488	154.57000732
690.71997070	155.08000183
691.55999756	155.58999634
692.40002441	156.10000610
693.23999023	156.61000061
694.08001709	157.11999512
694.91998291	157.63000488
695.76000977	158.13999939
696.59997559	158.64999390
697.44000244	159.16000366
698.28002930	159.66999817
699.11999512	160.17999268
699.96002197	160.69000244
700.79998779	161.19999695
701.64001465	161.71000671
702.47998047	162.22000122
703.32000732	162.72999573
704.15997314	163.24000549
705.00000000	163.75000000
705.84002686	164.25999451
706.67999268	164.77000427
707.52001953	165.27999878
708.35998535	165.78999329
709.20001221	166.30000305
710.03997803	166.80999756
710.88000488	167.32000732
711.71997070	167.83000183
712.55999756	168.33999634
713.40002441	168.85000610
714.23999023	169.36000061
715.08001709	169.86999512
715.91998291	170.38000488
716.76000977	170.88999939
717.59997559	171.39999390
718.44000244	171.91000366
719.28002930	172.41999817
720.11999512	172.92999268
720.96002197	173.44000244
721.79998779	173.94999695
722.64001465	174.46000671
723.47998047	174.97000122
724.32000732	175.47999573
725.15997314	175.99000549
726.00000000	176.50000000
726.84002686	177.00999451
727.67999268	177.52000427
728.52001953	178.02999878
729.35998535	178.53999329
730.20001221	179.05000305
731.03997803	179.55999756
731.88000488	180.07000732
732.71997070	180.58000183
733.55999756	181.08999634
734.40002441	181.60000610
735.23999023	182.11000061
736.08001709	182.61999512
736.91998291	183.13000488
737.76000977	183.63999939
738.59997559	184.14999390
739.44000244	184.66000366
740.28002930	185.16999817
741.11999512	185.67999268
741.96002197	186.19000244
742.79998779	186.69999695
743.64001465	187.21000671
744.47998047	187.72000122
745.32000732	188.22999573
746.15997314	188.74000549
747.00000000	189.25000000
747.84002686	189.75999451
748.67999268	190.27000427
749.52001953	190.77999878
750.35998535	191.28999329
751.20001221	191.80000305
752.03997803	192.30999756
752.88000488	192.82000732
753.71997070	193.33000183
754.55999756	193.83999634
755.40002441	194.35000610
756.23999023	194.86000061
757.08001709	195.36999512
757.91998291	195.88000488
758.76000977	196.38999939
759.59997559	196.89999390
760.44000244	197.41000366
761.28002930	197.91999817
762.11999512	198.42999268
762.96002197	198.94000244
763.79998779	199.44999695
764.64001465	199.96000671
765.47998047	200.47000122
766.32000732	200.97999573
767.15997314	201.49000549
768.00000000	202.00000000
768.84002686	202.50999451
769.67999268	203.02000427
770.52001953	203.52999878
771.35998535	204.03999329
772.20001221	204.55000305
773.03997803	205.05999756
773.88000488	205.57000732
774.71997070	206.08000183
775.55999756	206.58999634
776.40002441	207.10000610
777.23999023	207.61000061
778.08001709	208.11999512
778.91998291	208.63000488
779.76000977	209.13999939
780.59997559	209.64999390
781.44000244	210.16000366
782.28002930	210.66999817
783.11999512	211.17999268
783.96002197	211.69000244
784.79998779	212.19999695
785.64001465	212.71000671
786.47998047	213.22000122
787.32000732	213.72999573
788.15997314	214.24000549
789.00000000	214.75000000
789.84002686	215.25999451
790.67999268	215.77000427
791.52001953	216.27999878
792.35998535	216.78999329
793.20001221	217.30000305
794.03997803	217.80999756
794.88000488	218.32000732
795.71997070	218.83000183
796.55999756	219.33999634
797.40002441	219.85000610
798.23999023	220.36000061
799.08001709	220.86999512
799.91998291	221.38000488
800.76000977	221.88999939
801.59997559	222.39999390
802.44000244	222.91000366
803.28002930	223.41999817
804.11999512	223.92999268
804.96002197	224.44000244
805.79998779	224.94999695
806.64001465	225.46000671
807.47998047	225.97000122
808.32000732	226.47999573
809.15997314	226.99000549
810.00000000	227.50000000
810.84002686	228.00999451
811.67999268	228.52000427
812.52001953	229.02999878
813.35998535	229.53999329
814.20001221	230.05000305
815.03997803	230.55999756
815.88000488	231.07000732
816.71997070	231.58000183
817.55999756	232.08999634
818.40002441	232.60000610
819.23999023	233.11000061
820.08001709	233.61999512
820.91998291	234.13000488
821.76000977	234.63999939
822.59997559	235.14999390
823.44000244	235.66000366
824.28002930	236.16999817
825.11999512	236.67999268
825.96002197	237.19000244
826.79998779	237.69999695
827.64001465	238.21000671
828.47998047	238.72000122
829.32000732	239.22999573
830.15997314	239.74000549
831.00000000	240.25000000
831.84002686	240.75999451
832.67999268	241.27000427
833.52001953	241.77999878
834.35998535	242.28999329
835.20001221	242.80000305
836.03997803	243.30999756
836.88000488	243.82000732
837.71997070	244.33000183
838.55999756	244.83999634
839.40002441	245.35000610
840.23999023	245.86000061
841.08001709	246.36999512
841.91998291	246.88000488
842.76000977	247.38999939
843.59997559	247.89999390
844.44000244	248.41000366
845.28002930	248.91999817
846.11999512	249.42999268
846.96002197	249.94000244
847.79998779	250.44999695
848.64001465	250.96000671
849.47998047	251.47000122
850.32000732	251.97999573
851.15997314	252.49000549
852.00000000	253.00000000
852.84002686	253.50999451
853.67999268	254.02000427
854.52001953	254.52999878
855.35998535	255.03999329
856.20001221	255.55000305
857.03997803	256.05999756
857.88000488	256.57000732
858.71997070	257.07998657
859.55999756	257.58999634
860.40002441	258.10000610
861.23999023	258.60998535
862.08001709	259.11999512
862.91998291	259.63000488
863.76000977	260.14001465
864.59997559	260.64999390
865.44000244	261.16000366
866.28002930	261.67001343
867.11999512	262.17999268
867.96002197	262.69000244
868.79998779	263.20001221
869.64001465	263.70999146
870.47998047	264.22000122
871.32000732	264.73001099
872.15997314	265.23999023
873.00000000	265.75000000
873.84002686	266.26000977
874.67999268	266.76998901
875.52001953	267.27999878
876.35998535	267.79000854
877.20001221	268.29998779
878.03997803	268.80999756
878.88000488	269.32000732
879.71997070	269.82998657
880.55999756	270.33999634
881.40002441	270.85000610
882.23999023	271.35998535
883.08001709	271.86999512
883.91998291	272.38000488
884.76000977	272.89001465
885.59997559	273.39999390
886.44000244	273.91000366
887.28002930	274.42001343
888.11999512	274.92999268
888.96002197	275.44000244
889.79998779	275.95001221
890.64001465	276.45999146
891.47998047	276.97000122
892.32000732	277.48001099
893.15997314	277.98999023
894.00000000	278.50000000
894.84002686	279.01000977
895.67999268	279.51998901
896.52001953	280.02999878
897.35998535	280.54000854
898.20001221	281.04998779
899.03997803	281.55999756
899.88000488	282.07000732
900.71997070	282.57998657
901.55999756	283.08999634
902.40002441	283.60000610
903.23999023	284.10998535
904.08001709	284.61999512
904.91998291	285.13000488
905.76000977	285.64001465
906.59997559	286.14999390
907.44000244	286.66000366
908.28002930	287.17001343
909.11999512	287.67999268
909.96002197	288.19000244
910.79998779	288.70001221
911.64001465	289.20999146
912.47998047	289.72000122
913.32000732	290.23001099
914.15997314	290.73999023
915.00000000	291.25000000
915.84002686	291.76000977
916.67999268	292.26998901
917.52001953	292.77999878
918.35998535	293.29000854
919.20001221	293.79998779
920.03997803	294.30999756
920.88000488	294.82000732
921.71997070	295.32998657
922.55999756	295.83999634
923.40002441	296.35000610
924.23999023	296.85998535
925.08001709	297.36999512
925.91998291	297.88000488
926.76000977	298.39001465
927.59997559	298.89999390
928.44000244	299.41000366
929.28002930	299.92001343
930.11999512	300.42999268
930.96002197	300.94000244
931.79998779	301.45001221
932.64001465	301.95999146
933.47998047	302.47000122
934.32000732	302.98001099
935.15997314	303.48999023
936.00000000	304.00000000
936.84002686	304.51000977
937.67999268	305.01998901
938.52001953	305.52999878
939.35998535	306.04000854
940.20001221	306.54998779
941.03997803	307.05999756
941.88000488	307.57000732
942.71997070	308.07998657
943.55999756	308.58999634
944.40002441	309.10000610
945.23999023	309.60998535
946.08001709	310.11999512
946.91998291	310.63000488
947.76000977	311.14001465
948.59997559	311.64999390
949.44000244	312.16000366
950.28002930	312.67001343
951.11999512	313.17999268
951.96002197	313.69000244
952.79998779	314.20001221
953.64001465	314.70999146
954.47998047	315.22000122
955.32000732	315.73001099
956.15997314	316.23999023
957.00000000	316.75000000
957.84002686	317.26000977
958.67999268	317.76998901
959.52001953	318.27999878
960.35998535	318.79000854
961.20001221	319.29998779
962.03997803	319.80999756
962.88000488	320.32000732
963.71997070	320.82998657
964.55999756	321.33999634
965.40002441	321.85000610
966.23999023	322.35998535
967.08001709	322.86999512
967.91998291	323.38000488
968.76000977	323.89001465
969.59997559	324.39999390
970.44000244	324.91000366
971.28002930	325.42001343
972.11999512	325.92999268
972.96002197	326.44000244
973.79998779	326.95001221
974.64001465	327.45999146
975.47998047	327.97000122
976.32000732	328.48001099
977.15997314	328.98999023
978.00000000	329.50000000
978.84002686	330.01000977
979.67999268	330.51998901
980.52001953	331.02999878
981.35998535	331.54000854
982.20001221	332.04998779
983.03997803	332.55999756
983.88000488	333.07000732
984.71997070	333.57998657
985.55999756	334.08999634
986.40002441	334.60000610
987.23999023	335.10998535
988.08001709	335.61999512
988.91998291	336.13000488
989.76000977	336.64001465
990.59997559	337.14999390
991.44000244	337.66000366
992.28002930	338.17001343
993.11999512	338.67999268
993.96002197	339.19000244
994.79998779	339.70001221
995.64001465	340.20999146
996.47998047	340.72000122
997.32000732	341.23001099
998.15997314	341.73999023
999.00000000	342.25000000
999.84002686	342.76000977
1000.67999268	343.26998901
1001.52001953	343.77999878
1002.35998535	344.29000854
1003.20001221	344.79998779
1004.03997803	345.30999756
1004.88000488	345.82000732
1005.71997070	346.32998657
1006.55999756	346.83999634
1007.40002441	347.35000610
1008.23999023	347.85998535
1009.08001709	348.36999512
1009.91998291	348.88000488
1010.76000977	349.39001465
1011.59997559	349.89999390
1012.44000244	350.41000366
1013.28002930	350.92001343
1014.11999512	351.42999268
1014.96002197	351.94000244
1015.79998779	352.45001221
1016.64001465	352.95999146
1017.47998047	353.47000122
1018.32000732	353.98001099
1019.15997314	354.48999023
1020.00000000	355.00000000
1020.84002686	355.51000977
1021.67999268	356.01998901
1022.52001953	356.52999878
1023.35998535	357.04000854
1024.19995117	357.54998779
1025.04003906	358.05999756
1025.88000488	358.57000732
1026.71997070	359.07998657
1027.56005859	359.58999634
1028.40002441	360.10000610
1029.23999023	360.60998535
1030.07995605	361.11999512
1030.92004395	361.63000488
1031.76000977	362.14001465
1032.59997559	362.64999390
1033.43994141	363.16000366
1034.28002930	363.67001343
1035.11999512	364.17999268
1035.95996094	364.69000244
1036.80004883	365.20001221
1037.64001465	365.70999146
1038.47998047	366.22000122
1039.31994629	366.73001099
1040.16003418	367.23999023
1041.00000000	367.75000000
1041.83996582	368.26000977
1042.68005371	368.76998901
1043.52001953	369.27999878
1044.35998535	369.79000854
1045.19995117	370.29998779
1046.04003906	370.80999756
1046.88000488	371.32000732
1047.71997070	371.82998657
1048.56005859	372.33999634
1049.40002441	372.85000610
1050.23999023	373.35998535
1051.07995605	373.86999512
1051.92004395	374.38000488
1052.76000977	374.89001465
1053.59997559	375.39999390
1054.43994141	375.91000366
1055.28002930	376.42001343
1056.11999512	376.92999268
1056.95996094	377.44000244
1057.80004883	377.95001221
1058.64001465	378.45999146
1059.47998047	378.97000122
1060.31994629	379.48001099
1061.16003418	379.98999023
1062.00000000	380.50000000
1062.83996582	381.01000977
1063.68005371	381.51998901
1064.52001953	382.02999878
1065.35998535	382.54000854
1066.19995117	383.04998779
1067.04003906	383.55999756
1067.88000488	384.07000732
1068.71997070	384.57998657
1069.56005859	385.08999634
1070.40002441	385.60000610
1071.23999023	386.10998535
1072.07995605	386.61999512
1072.92004395	387.13000488
1073.76000977	387.64001465
1074.59997559	388.14999390
1075.43994141	388.66000366
1076.28002930	389.17001343
1077.11999512	389.67999268
1077.95996094	390.19000244
1078.80004883	390.70001221
1079.64001465	391.20999146
1080.47998047	391.72000122
1081.31994629	392.23001099
1082.16003418	392.73999023
1083.00000000	393.25000000
1083.83996582	393.76000977
1084.68005371	394.26998901
1085.52001953	394.77999878
1086.35998535	395.29000854
1087.19995117	395.79998779
1088.04003906	396.30999756
1088.88000488	396.82000732
1089.71997070	397.32998657
1090.56005859	397.83999634
1091.40002441	398.35000610
1092.23999023	398.85998535
1093.07995605	399.36999512
1093.92004395	399.88000488
600.00000000	100.00000000
600.01000977	100.22000122
600.02001953	100.44000244
600.03002930	100.66000366
600.03997803	100.87999725
600.04998779	101.09999847
600.05999756	101.31999969
600.07000732	101.54000092
600.08001709	101.76000214
600.09002686	101.98000336
600.09997559	102.19999695
600.10998535	102.41999817
600.11999512	102.63999939
600.13000488	102.86000061
600.14001465	103.08000183
600.15002441	103.30000305
600.15997314	103.51999664
600.16998291	103.73999786
600.17999268	103.95999908
600.19000244	104.18000031
600.20001221	104.40000153
600.21002197	104.62000275
600.21997070	104.83999634
600.22998047	105.05999756
600.23999023	105.27999878
600.25000000	105.50000000
600.26000977	105.72000122
600.27001953	105.94000244
600.28002930	106.16000366
600.28997803	106.37999725
600.29998779	106.59999847
600.30999756	106.81999969
600.32000732	107.04000092
600.33001709	107.26000214
600.34002686	107.48000336
600.34997559	107.69999695
600.35998535	107.91999817
600.36999512	108.13999939
600.38000488	108.36000061
600.39001465	108.58000183
600.40002441	108.80000305
600.40997314	109.01999664
600.41998291	109.23999786
600.42999268	109.45999908
600.44000244	109.68000031
600.45001221	109.90000153
600.46002197	110.12000275
600.46997070	110.33999634
600.47998047	110.55999756
600.48999023	110.77999878
600.50000000	111.00000000
600.51000977	111.22000122
600.52001953	111.44000244
600.53002930	111.66000366
600.53997803	111.87999725
600.54998779	112.09999847
600.55999756	112.31999969
600.57000732	112.54000092
600.58001709	112.76000214
600.59002686	112.98000336
600.59997559	113.19999695
600.60998535	113.41999817
600.61999512	113.63999939
600.63000488	113.86000061
600.64001465	114.08000183
600.65002441	114.30000305
600.65997314	114.51999664
600.66998291	114.73999786
600.67999268	114.95999908
600.69000244	115.18000031
600.70001221	115.40000153
600.71002197	115.62000275
600.71997070	115.83999634
600.72998047	116.05999756
600.73999023	116.27999878
600.75000000	116.50000000
600.76000977	116.72000122
600.77001953	116.94000244
600.78002930	117.16000366
600.78997803	117.37999725
600.79998779	117.59999847
600.80999756	117.81999969
600.82000732	118.04000092
600.83001709	118.26000214
600.84002686	118.48000336
600.84997559	118.69999695
600.85998535	118.91999817
600.86999512	119.13999939
600.88000488	119.36000061
600.89001465	119.58000183
600.90002441	119.80000305
600.90997314	120.01999664
600.91998291	120.23999786
600.92999268	120.45999908
600.94000244	120.68000031
600.95001221	120.90000153
600.96002197	121.12000275
600.96997070	121.33999634
600.97998047	121.55999756
600.98999023	121.77999878
601.00000000	122.00000000
601.01000977	122.22000122
601.02001953	122.44000244
601.03002930	122.66000366
601.03997803	122.87999725
601.04998779	123.09999847
601.05999756	123.31999969
601.07000732	123.54000092
601.08001709	123.76000214
601.09002686	123.98000336
601.09997559	124.19999695
601.10998535	124.41999817
601.11999512	124.63999939
601.13000488	124.86000061
601.14001465	125.08000183
601.15002441	125.30000305
601.15997314	125.51999664
601.16998291	125.73999786
601.17999268	125.95999908
601.19000244	126.18000031
601.20001221	126.40000153
601.21002197	126.62000275
601.21997070	126.83999634
601.22998047	127.05999756
601.23999023	127.27999878
601.25000000	127.50000000
601.26000977	127.72000122
601.27001953	127.94000244
601.28002930	128.16000366
601.28997803	128.38000488
601.29998779	128.60000610
601.30999756	128.82000732
601.32000732	129.03999329
601.33001709	129.25999451
601.34002686	129.47999573
601.34997559	129.69999695
601.35998535	129.91999817
601.36999512	130.13999939
601.38000488	130.36000061
601.39001465	130.58000183
601.40002441	130.80000305
601.40997314	131.02000427
601.41998291	131.24000549
601.42999268	131.46000671
601.44000244	131.67999268
601.45001221	131.89999390
601.46002197	132.11999512
601.46997070	132.33999634
601.47998047	132.55999756
601.48999023	132.77999878
601.50000000	133.00000000
601.51000977	133.22000122
601.52001953	133.44000244
601.53002930	133.66000366
601.53997803	133.88000488
601.54998779	134.10000610
601.55999756	134.32000732
601.57000732	134.53999329
601.58001709	134.75999451
601.59002686	134.97999573
601.59997559	135.19999695
601.60998535	135.41999817
601.61999512	135.63999939
601.63000488	135.86000061
601.64001465	136.08000183
601.65002441	136.30000305
601.65997314	136.52000427
601.66998291	136.74000549
601.67999268	136.96000671
601.69000244	137.17999268
601.70001221	137.39999390
601.71002197	137.61999512
601.71997070	137.83999634
601.72998047	138.05999756
601.73999023	138.27999878
601.75000000	138.50000000
601.76000977	138.72000122
601.77001953	138.94000244
601.78002930	139.16000366
601.78997803	139.38000488
601.79998779	139.60000610
601.80999756	139.82000732
601.82000732	140.03999329
601.83001709	140.25999451
601.84002686	140.47999573
601.84997559	140.69999695
601.85998535	140.91999817
601.86999512	141.13999939
601.88000488	141.36000061
601.89001465	141.58000183
601.90002441	141.80000305
601.90997314	142.02000427
601.91998291	142.24000549
601.92999268	142.46000671
601.94000244	142.67999268
601.95001221	142.89999390
601.96002197	143.11999512
601.96997070	143.33999634
601.97998047	143.55999756
601.98999023	143.77999878
602.00000000	144.00000000
602.01000977	144.22000122
602.02001953	144.44000244
602.03002930	144.66000366
602.03997803	144.88000488
602.04998779	145.10000610
602.05999756	145.32000732
602.07000732	145.53999329
602.08001709	145.75999451
602.09002686	145.97999573
602.09997559	146.19999695
602.10998535	146.41999817
602.11999512	146.63999939
602.13000488	146.86000061
602.14001465	147.08000183
602.15002441	147.30000305
602.15997314	147.52000427
602.16998291	147.74000549
602.17999268	147.96000671
602.19000244	148.17999268
602.20001221	148.39999390
602.21002197	148.61999512
602.21997070	148.83999634
602.22998047	149.05999756
602.23999023	149.27999878
602.25000000	149.50000000
602.26000977	149.72000122
602.27001953	149.94000244
602.28002930	150.16000366
602.28997803	150.38000488
602.29998779	150.60000610
602.30999756	150.82000732
602.32000732	151.03999329
602.33001709	151.25999451
602.34002686	151.47999573
602.34997559	151.69999695
602.35998535	151.91999817
602.36999512	152.13999939
602.38000488	152.36000061
602.39001465	152.58000183
602.40002441	152.80000305
602.40997314	153.02000427
602.41998291	153.24000549
602.42999268	153.46000671
602.44000244	153.67999268
602.45001221	153.89999390
602.46002197	154.11999512
602.46997070	154.33999634
602.47998047	154.55999756
602.48999023	154.77999878
602.50000000	155.00000000
602.51000977	155.22000122
602.52001953	155.44000244
602.53002930	155.66000366
602.53997803	155.88000488
602.54998779	156.10000610
602.55999756	156.32000732
602.57000732	156.53999329
602.58001709	156.75999451
602.59002686	156.97999573
602.59997559	157.19999695
602.60998535	157.41999817
602.61999512	157.63999939
602.63000488	157.86000061
602.64001465	158.08000183
602.65002441	158.30000305
602.65997314	158.52000427
602.66998291	158.74000549
602.67999268	158.96000671
602.69000244	159.17999268
602.70001221	159.39999390
602.71002197	159.61999512
602.71997070	159.83999634
602.72998047	160.05999756
602.73999023	160.27999878
602.75000000	160.50000000
602.76000977	160.72000122
602.77001953	160.94000244
602.78002930	161.16000366
602.78997803	161.38000488
602.79998779	161.60000610
602.80999756	161.82000732
602.82000732	162.03999329
602.83001709	162.25999451
602.84002686	162.47999573
602.84997559	162.69999695
602.85998535	162.91999817
602.86999512	163.13999939
602.88000488	163.36000061
602.89001465	163.58000183
602.90002441	163.80000305
602.90997314	164.02000427
602.91998291	164.24000549
602.92999268	164.46000671
602.94000244	164.67999268
602.95001221	164.89999390
602.96002197	165.11999512
602.96997070	165.33999634
602.97998047	165.55999756
602.98999023	165.77999878
603.00000000	166.00000000
603.01000977	166.22000122
603.02001953	166.44000244
603.03002930	166.66000366
603.03997803	166.88000488
603.04998779	167.10000610
603.05999756	167.32000732
603.07000732	167.53999329
603.08001709	167.75999451
603.09002686	167.97999573
603.09997559	168.19999695
603.10998535	168.41999817
603.11999512	168.63999939
603.13000488	168.86000061
603.14001465	169.08000183
603.15002441	169.30000305
603.15997314	169.52000427
603.16998291	169.74000549
603.17999268	169.96000671
603.19000244	170.17999268
603.20001221	170.39999390
603.21002197	170.61999512
603.21997070	170.83999634
603.22998047	171.05999756
603.23999023	171.27999878
603.25000000	171.50000000
603.26000977	171.72000122
603.27001953	171.94000244
603.28002930	172.16000366
603.28997803	172.38000488
603.29998779	172.60000610
603.30999756	172.82000732
603.32000732	173.03999329
603.33001709	173.25999451
603.34002686	173.47999573
603.34997559	173.69999695
603.35998535	173.91999817
603.36999512	174.13999939
603.38000488	174.36000061
603.39001465	174.58000183
603.40002441	174.80000305
603.40997314	175.02000427
603.41998291	175.24000549
603.42999268	175.46000671
603.44000244	175.67999268
603.45001221	175.89999390
603.46002197	176.11999512
603.46997070	176.33999634
603.47998047	176.55999756
603.48999023	176.77999878
603.50000000	177.00000000
603.51000977	177.22000122
603.52001953	177.44000244
603.53002930	177.66000366
603.53997803	177.88000488
603.54998779	178.10000610
603.55999756	178.32000732
603.57000732	178.53999329
603.58001709	178.75999451
603.59002686	178.97999573
603.59997559	179.19999695
603.60998535	179.41999817
603.61999512	179.63999939
603.63000488	179.86000061
603.64001465	180.08000183
603.65002441	180.30000305
603.65997314	180.52000427
603.66998291	180.74000549
603.67999268	180.96000671
603.69000244	181.17999268
603.70001221	181.39999390
603.71002197	181.61999512
603.71997070	181.83999634
603.72998047	182.05999756
603.73999023	182.27999878
603.75000000	182.50000000
603.76000977	182.72000122
603.77001953	182.94000244
603.78002930	183.16000366
603.78997803	183.38000488
603.79998779	183.60000610
603.80999756	183.82000732
603.82000732	184.03999329
603.83001709	184.25999451
603.84002686	184.47999573
603.84997559	184.69999695
603.85998535	184.91999817
603.86999512	185.13999939
603.88000488	185.36000061
603.89001465	185.58000183
603.90002441	185.80000305
603.90997314	186.02000427
603.91998291	186.24000549
603.92999268	186.46000671
603.94000244	186.67999268
603.95001221	186.89999390
603.96002197	187.11999512
603.96997070	187.33999634
603.97998047	187.55999756
603.98999023	187.77999878
604.00000000	188.00000000
604.01000977	188.22000122
604.02001953	188.44000244
604.03002930	188.66000366
604.03997803	188.88000488
604.04998779	189.10000610
604.05999756	189.32000732
604.07000732	189.53999329
604.08001709	189.75999451
604.09002686	189.97999573
604.09997559	190.19999695
604.10998535	190.41999817
604.11999512	190.63999939
604.13000488	190.86000061
604.14001465	191.08000183
604.15002441	191.30000305
604.15997314	191.52000427
604.16998291	191.74000549
604.17999268	191.96000671
604.19000244	192.17999268
604.20001221	192.39999390
604.21002197	192.61999512
604.21997070	192.83999634
604.22998047	193.05999756
604.23999023	193.27999878
604.25000000	193.50000000
604.26000977	193.72000122
604.27001953	193.94000244
604.28002930	194.16000366
604.28997803	194.38000488
604.29998779	194.60000610
604.30999756	194.82000732
604.32000732	195.03999329
604.33001709	195.25999451
604.34002686	195.47999573
604.34997559	195.69999695
604.35998535	195.91999817
604.36999512	196.13999939
604.38000488	196.36000061
604.39001465	196.58000183
604.40002441	196.80000305
604.40997314	197.02000427
604.41998291	197.24000549
604.42999268	197.46000671
604.44000244	197.67999268
604.45001221	197.89999390
604.46002197	198.11999512
604.46997070	198.33999634
604.47998047	198.55999756
604.48999023	198.77999878
604.50000000	199.00000000
604.51000977	199.22000122
604.52001953	199.44000244
604.53002930	199.66000366
604.53997803	199.88000488
604.54998779	200.10000610
604.55999756	200.32000732
604.57000732	200.53999329
604.58001709	200.75999451
604.59002686	200.97999573
604.59997559	201.19999695
604.60998535	201.41999817
604.61999512	201.63999939
604.63000488	201.86000061
604.64001465	202.08000183
604.65002441	202.30000305
604.65997314	202.52000427
604.66998291	202.74000549
604.67999268	202.96000671
604.69000244	203.17999268
604.70001221	203.39999390
604.71002197	203.61999512
604.71997070	203.83999634
604.72998047	204.05999756
604.73999023	204.27999878
604.75000000	204.50000000
604.76000977	204.72000122
604.77001953	204.94000244
604.78002930	205.16000366
604.78997803	205.38000488
604.79998779	205.60000610
604.80999756	205.82000732
604.82000732	206.03999329
604.83001709	206.25999451
604.84002686	206.47999573
604.84997559	206.69999695
604.85998535	206.91999817
604.86999512	207.13999939
604.88000488	207.36000061
604.89001465	207.58000183
604.90002441	207.80000305
604.90997314	208.02000427
604.91998291	208.24000549
604.92999268	208.46000671
604.94000244	208.67999268
604.95001221	208.89999390
604.96002197	209.11999512
604.96997070	209.33999634
604.97998047	209.55999756
604.98999023	209.77999878
605.00000000	210.00000000
605.01000977	210.22000122
605.02001953	210.44000244
605.03002930	210.66000366
605.03997803	210.88000488
605.04998779	211.10000610
605.05999756	211.32000732
605.07000732	211.53999329
605.08001709	211.75999451
605.09002686	211.97999573
605.09997559	212.19999695
605.10998535	212.41999817
605.11999512	212.63999939
605.13000488	212.86000061
605.14001465	213.08000183
605.15002441	213.30000305
605.15997314	213.52000427
605.16998291	213.74000549
605.17999268	213.96000671
605.19000244	214.17999268
605.20001221	214.39999390
605.21002197	214.61999512
605.21997070	214.83999634
605.22998047	215.05999756
605.23999023	215.27999878
605.25000000	215.50000000
605.26000977	215.72000122
605.27001953	215.94000244
605.28002930	216.16000366
605.28997803	216.38000488
605.29998779	216.60000610
605.30999756	216.82000732
605.32000732	217.03999329
605.33001709	217.25999451
605.34002686	217.47999573
605.34997559	217.69999695
605.35998535	217.91999817
605.36999512	218.13999939
605.38000488	218.36000061
605.39001465	218.58000183
605.40002441	218.80000305
605.40997314	219.02000427
605.41998291	219.24000549
605.42999268	219.46000671
605.44000244	219.67999268
605.45001221	219.89999390
605.46002197	220.11999512
605.46997070	220.33999634
605.47998047	220.55999756
605.48999023	220.77999878
605.50000000	221.00000000
605.51000977	221.22000122
605.52001953	221.44000244
605.53002930	221.66000366
605.53997803	221.88000488
605.54998779	222.10000610
605.55999756	222.32000732
605.57000732	222.53999329
605.58001709	222.75999451
605.59002686	222.97999573
605.59997559	223.19999695
605.60998535	223.41999817
605.61999512	223.63999939
605.63000488	223.86000061
605.64001465	224.08000183
605.65002441	224.30000305
605.65997314	224.52000427
605.66998291	224.74000549
605.67999268	224.96000671
605.69000244	225.17999268
605.70001221	225.39999390
605.71002197	225.61999512
605.71997070	225.83999634
605.72998047	226.05999756
605.73999023	226.27999878
605.75000000	226.50000000
605.76000977	226.72000122
605.77001953	226.94000244
605.78002930	227.16000366
605.78997803	227.38000488
605.79998779	227.60000610
605.80999756	227.82000732
605.82000732	228.03999329
605.83001709	228.25999451
605.84002686	228.47999573
605.84997559	228.69999695
605.85998535	228.91999817
605.86999512	229.13999939
605.88000488	229.36000061
605.89001465	229.58000183
605.90002441	229.80000305
605.90997314	230.02000427
605.91998291	230.24000549
605.92999268	230.46000671
605.94000244	230.67999268
605.95001221	230.89999390
605.96002197	231.11999512
605.96997070	231.33999634
605.97998047	231.55999756
605.98999023	231.77999878
606.00000000	232.00000000
606.01000977	232.22000122
606.02001953	232.44000244
606.03002930	232.66000366
606.03997803	232.88000488
606.04998779	233.10000610
606.05999756	233.32000732
606.07000732	233.53999329
606.08001709	233.75999451
606.09002686	233.97999573
606.09997559	234.19999695
606.10998535	234.41999817
606.11999512	234.63999939
606.13000488	234.86000061
606.14001465	235.08000183
606.15002441	235.30000305
606.15997314	235.52000427
606.16998291	235.74000549
606.17999268	235.96000671
606.19000244	236.17999268
606.20001221	236.39999390
606.21002197	236.61999512
606.21997070	236.83999634
606.22998047	237.05999756
606.23999023	237.27999878
606.25000000	237.50000000
606.26000977	237.72000122
606.27001953	237.94000244
606.28002930	238.16000366
606.28997803	238.38000488
606.29998779	238.60000610
606.30999756	238.82000732
606.32000732	239.03999329
606.33001709	239.25999451
606.34002686	239.47999573
606.34997559	239.69999695
606.35998535	239.91999817
606.36999512	240.13999939
606.38000488	240.36000061
606.39001465	240.58000183
606.40002441	240.80000305
606.40997314	241.02000427
606.41998291	241.24000549
606.42999268	241.46000671
606.44000244	241.67999268
606.45001221	241.89999390
606.46002197	242.11999512
606.46997070	242.33999634
606.47998047	242.55999756
606.48999023	242.77999878
606.50000000	243.00000000
606.51000977	243.22000122
606.52001953	243.44000244
606.53002930	243.66000366
606.53997803	243.88000488
606.54998779	244.10000610
606.55999756	244.32000732
606.57000732	244.53999329
606.58001709	244.75999451
606.59002686	244.97999573
606.59997559	245.19999695
606.60998535	245.41999817
606.61999512	245.63999939
606.63000488	245.86000061
606.64001465	246.08000183
606.65002441	246.30000305
606.65997314	246.52000427
606.66998291	246.74000549
606.67999268	246.96000671
606.69000244	247.17999268
606.70001221	247.39999390
606.71002197	247.61999512
606.71997070	247.83999634
606.72998047	248.05999756
606.73999023	248.27999878
606.75000000	248.50000000
606.76000977	248.72000122
606.77001953	248.94000244
606.78002930	249.16000366
606.78997803	249.38000488
606.79998779	249.60000610
606.80999756	249.82000732
606.82000732	250.03999329
606.83001709	250.25999451
606.84002686	250.47999573
606.84997559	250.69999695
606.85998535	250.91999817
606.86999512	251.13999939
606.88000488	251.36000061
606.89001465	251.58000183
606.90002441	251.80000305
606.90997314	252.02000427
606.91998291	252.24000549
606.92999268	252.46000671
606.94000244	252.67999268
606.95001221	252.89999390
606.96002197	253.11999512
606.96997070	253.33999634
606.97998047	253.55999756
606.98999023	253.77999878
607.00000000	254.00000000
607.01000977	254.22000122
607.02001953	254.44000244
607.03002930	254.66000366
607.03997803	254.88000488
607.04998779	255.10000610
607.05999756	255.32000732
607.07000732	255.53999329
607.08001709	255.75999451
607.09002686	255.97999573
607.09997559	256.20001221
607.10998535	256.42001343
607.11999512	256.64001465
607.13000488	256.85998535
607.14001465	257.07998657
607.15002441	257.29998779
607.15997314	257.51998901
607.16998291	257.73999023
607.17999268	257.95999146
607.19000244	258.17999268
607.20001221	258.39999390
607.21002197	258.61999512
607.21997070	258.83999634
607.22998047	259.05999756
607.23999023	259.27999878
607.25000000	259.50000000
607.26000977	259.72000122
607.27001953	259.94000244
607.28002930	260.16000366
607.28997803	260.38000488
607.29998779	260.60000610
607.30999756	260.82000732
607.32000732	261.04000854
607.33001709	261.26000977
607.34002686	261.48001099
607.34997559	261.70001221
607.35998535	261.92001343
607.36999512	262.14001465
607.38000488	262.35998535
607.39001465	262.57998657
607.40002441	262.79998779
607.40997314	263.01998901
607.41998291	263.23999023
607.42999268	263.45999146
607.44000244	263.67999268
607.45001221	263.89999390
607.46002197	264.11999512
607.46997070	264.33999634
607.47998047	264.55999756
607.48999023	264.77999878
607.50000000	265.00000000
607.51000977	265.22000122
607.52001953	265.44000244
607.53002930	265.66000366
607.53997803	265.88000488
607.54998779	266.10000610
607.55999756	266.32000732
607.57000732	266.54000854
607.58001709	266.76000977
607.59002686	266.98001099
607.59997559	267.20001221
607.60998535	267.42001343
607.61999512	267.64001465
607.63000488	267.85998535
607.64001465	268.07998657
607.65002441	268.29998779
607.65997314	268.51998901
607.66998291	268.73999023
607.67999268	268.95999146
607.69000244	269.17999268
607.70001221	269.39999390
607.71002197	269.61999512
607.71997070	269.83999634
607.72998047	270.05999756
607.73999023	270.27999878
607.75000000	270.50000000
607.76000977	270.72000122
607.77001953	270.94000244
607.78002930	271.16000366
607.78997803	271.38000488
607.79998779	271.60000610
607.80999756	271.82000732
607.82000732	272.04000854
607.83001709	272.26000977
607.84002686	272.48001099
607.84997559	272.70001221
607.85998535	272.92001343
607.86999512	273.14001465
607.88000488	273.35998535
607.89001465	273.57998657
607.96002197	273.77999878
608.08398438	273.96200562
608.20800781	274.14401245
608.33197021	274.32598877
608.45599365	274.50799561
608.58001709	274.69000244
608.70397949	274.87200928
608.82800293	275.05398560
608.95202637	275.23599243
609.07598877	275.41799927
609.20001221	275.60000610
609.32397461	275.78201294
609.44799805	275.96398926
609.57202148	276.14599609
609.69598389	276.32800293
609.82000732	276.51000977
609.94396973	276.69198608
610.06799316	276.87399292
610.19201660	277.05599976
610.31597900	277.23800659
610.44000244	277.42001343
610.56402588	277.60198975
610.68798828	277.78399658
610.81201172	277.96600342
610.93597412	278.14801025
611.05999756	278.32998657
611.18402100	278.51199341
611.30798340	278.69400024
611.43200684	278.87600708
611.55603027	279.05801392
611.67999268	279.23999023
611.80401611	279.42199707
611.92797852	279.60400391
612.05200195	279.78601074
612.17602539	279.96798706
612.29998779	280.14999390
612.42401123	280.33200073
612.54797363	280.51400757
612.67199707	280.69601440
612.79602051	280.87799072
612.91998291	281.05999756
613.04400635	281.24200439
613.16802979	281.42401123
613.29199219	281.60598755
613.41601562	281.78799438
613.53997803	281.97000122
613.66400146	282.15200806
613.78802490	282.33401489
613.91198730	282.51599121
614.03601074	282.69799805
614.15997314	282.88000488
614.28399658	283.06201172
614.40802002	283.24398804
614.53198242	283.42599487
614.65600586	283.60800171
614.78002930	283.79000854
614.90399170	283.97198486
615.02801514	284.15399170
615.15197754	284.33599854
615.27600098	284.51800537
615.40002441	284.70001221
615.52398682	284.88198853
615.64801025	285.06399536
615.77197266	285.24600220
615.89599609	285.42800903
616.02001953	285.60998535
616.14398193	285.79199219
616.26800537	285.97399902
616.39202881	286.15600586
616.51599121	286.33801270
616.64001465	286.51998901
616.76397705	286.70199585
616.88800049	286.88400269
617.01202393	287.06600952
617.13598633	287.24798584
617.26000977	287.42999268
617.38397217	287.61199951
617.50799561	287.79400635
617.63201904	287.97601318
617.75598145	288.15798950
617.88000488	288.33999634
618.00402832	288.52200317
618.12799072	288.70401001
618.25201416	288.88598633
618.37597656	289.06799316
618.50000000	289.25000000
618.62402344	289.43200684
618.74798584	289.61401367
618.87200928	289.79598999
618.99597168	289.97799683
619.11999512	290.16000366
619.24401855	290.34201050
619.36798096	290.52398682
619.49200439	290.70599365
619.61602783	290.88800049
619.73999023	291.07000732
619.86401367	291.25201416
619.98797607	291.43399048
620.11199951	291.61599731
620.23602295	291.79800415
620.35998535	291.98001099
620.48400879	292.16198730
620.60797119	292.34399414
620.73199463	292.52600098
620.85601807	292.70800781
620.97998047	292.89001465
621.10400391	293.07199097
621.22802734	293.25399780
621.35198975	293.43600464
621.47601318	293.61801147
621.59997559	293.79998779
621.72399902	293.98199463
621.84802246	294.16400146
621.97198486	294.34600830
622.09600830	294.52801514
622.21997070	294.70999146
622.34399414	294.89199829
622.46801758	295.07400513
622.59197998	295.25601196
622.71600342	295.43798828
622.84002686	295.61999512
622.96398926	295.80200195
623.08801270	295.98400879
623.21197510	296.16598511
623.33599854	296.34799194
623.46002197	296.52999878
623.58398438	296.71200562
623.70800781	296.89401245
623.83197021	297.07598877
623.95599365	297.25799561
624.08001709	297.44000244
624.20397949	297.62200928
624.32800293	297.80398560
624.45202637	297.98599243
624.57598877	298.16799927
624.70001221	298.35000610
624.82397461	298.53201294
624.94799805	298.71398926
625.07202148	298.89599609
625.19598389	299.07800293
625.32000732	299.26000977
625.44396973	299.44198608
625.56799316	299.62399292
625.69201660	299.80599976
625.81597900	299.98800659
625.94000244	300.17001343
626.06402588	300.35198975
626.18798828	300.53399658
626.31201172	300.71600342
626.43597412	300.89801025
626.55999756	301.07998657
626.68402100	301.26199341
626.80798340	301.44400024
626.93200684	301.62600708
627.05603027	301.80801392
627.17999268	301.98999023
627.30401611	302.17199707
627.42797852	302.35400391
627.55200195	302.53601074
627.67602539	302.71798706
627.79998779	302.89999390
627.92401123	303.08200073
628.04797363	303.26400757
628.17199707	303.44601440
628.29602051	303.62799072
628.41998291	303.80999756
628.54400635	303.99200439
628.66802979	304.17401123
628.79199219	304.35598755
628.91601562	304.53799438
629.03997803	304.72000122
629.16400146	304.90200806
629.28802490	305.08401489
629.41198730	305.26599121
629.53601074	305.44799805
629.65997314	305.63000488
629.78399658	305.81201172
629.90802002	305.99398804
630.03198242	306.17599487
630.15600586	306.35800171
630.28002930	306.54000854
630.40399170	306.72198486
630.52801514	306.90399170
630.65197754	307.08599854
630.77600098	307.26800537
630.90002441	307.45001221
631.02398682	307.63198853
631.14801025	307.81399536
631.27197266	307.99600220
631.39599609	308.17800903
631.52001953	308.35998535
631.64398193	308.54199219
631.76800537	308.72399902
631.89202881	308.90600586
632.01599121	309.08801270
632.14001465	309.26998901
632.26397705	309.45199585
632.38800049	309.63400269
632.51202393	309.81600952
632.63598633	309.99798584
632.76000977	310.17999268
632.88397217	310.36199951
633.00799561	310.54400635
633.13201904	310.72601318
633.25598145	310.90798950
633.38000488	311.08999634
633.50402832	311.27200317
633.62799072	311.45401001
633.75201416	311.63598633
633.87597656	311.81799316
600.00000000	100.00000000
600.15997314	100.59999847
600.32000732	101.19999695
600.47998047	101.80000305
600.64001465	102.40000153
600.79998779	103.00000000
600.96002197	103.59999847
601.11999512	104.19999695
601.28002930	104.80000305
601.44000244	105.40000153
601.59997559	106.00000000
601.76000977	106.59999847
601.91998291	107.19999695
602.08001709	107.80000305
602.23999023	108.40000153
602.40002441	109.00000000
602.55999756	109.59999847
602.71997070	110.19999695
602.88000488	110.80000305
603.03997803	111.40000153
603.20001221	112.00000000
603.35998535	112.59999847
603.52001953	113.19999695
603.67999268	113.80000305
603.84002686	114.40000153
604.00000000	115.00000000
604.15997314	115.59999847
604.32000732	116.19999695
604.47998047	116.80000305
604.64001465	117.40000153
604.79998779	118.00000000
604.96002197	118.59999847
605.11999512	119.19999695
605.28002930	119.80000305
605.44000244	120.40000153
605.59997559	121.00000000
605.76000977	121.59999847
605.91998291	122.19999695
606.08001709	122.80000305
606.23999023	123.40000153
606.40002441	124.00000000
606.55999756	124.59999847
606.71997070	125.19999695
606.88000488	125.80000305
607.03997803	126.40000153
607.20001221	127.00000000
607.35998535	127.59999847
607.52001953	128.19999695
607.67999268	128.80000305
607.84002686	129.39999390
608.00000000	130.00000000
608.15997314	130.60000610
608.32000732	131.19999695
608.47998047	131.80000305
608.64001465	132.39999390
608.79998779	133.00000000
608.96002197	133.60000610
609.11999512	134.19999695
609.28002930	134.80000305
609.44000244	135.39999390
609.59997559	136.00000000
609.76000977	136.60000610
609.91998291	137.19999695
610.08001709	137.80000305
610.23999023	138.39999390
610.40002441	139.00000000
610.55999756	139.60000610
610.71997070	140.19999695
610.88000488	140.80000305
611.03997803	141.39999390
611.20001221	142.00000000
611.35998535	142.60000610
611.52001953	143.19999695
611.67999268	143.80000305
611.84002686	144.39999390
612.00000000	145.00000000
612.15997314	145.60000610
612.32000732	146.19999695
612.47998047	146.80000305
612.64001465	147.39999390
612.79998779	148.00000000
612.96002197	148.60000610
613.11999512	149.19999695
613.28002930	149.80000305
613.44000244	150.39999390
613.59997559	151.00000000
613.76000977	151.60000610
613.91998291	152.19999695
614.08001709	152.80000305
614.23999023	153.39999390
614.40002441	154.00000000
614.55999756	154.60000610
614.71997070	155.19999695
614.88000488	155.80000305
615.03997803	156.39999390
615.20001221	157.00000000
615.35998535	157.60000610
615.52001953	158.19999695
615.67999268	158.80000305
615.84002686	159.39999390
616.00000000	160.00000000
616.15997314	160.60000610
616.32000732	161.19999695
616.47998047	161.80000305
616.64001465	162.39999390
616.79998779	163.00000000
616.96002197	163.60000610
617.11999512	164.19999695
617.28002930	164.80000305
617.44000244	165.39999390
617.59997559	166.00000000
617.76000977	166.60000610
617.91998291	167.19999695
618.08001709	167.80000305
618.23999023	168.39999390
618.40002441	169.00000000
618.55999756	169.60000610
618.71997070	170.19999695
618.88000488	170.80000305
619.03997803	171.39999390
619.20001221	172.00000000
619.35998535	172.60000610
619.52001953	173.19999695
619.67999268	173.80000305
619.84002686	174.39999390
620.00000000	175.00000000
620.15997314	175.60000610
620.32000732	176.19999695
620.47998047	176.80000305
620.64001465	177.39999390
620.79998779	178.00000000
620.96002197	178.60000610
621.11999512	179.19999695
621.28002930	179.80000305
621.44000244	180.39999390
621.59997559	181.00000000
621.76000977	181.60000610
621.91998291	182.19999695
622.08001709	182.80000305
622.23999023	183.39999390
622.40002441	184.00000000
622.55999756	184.60000610
622.71997070	185.19999695
622.88000488	185.80000305
623.03997803	186.39999390
623.20001221	187.00000000
623.35998535	187.60000610
623.52001953	188.19999695
623.67999268	188.80000305
623.84002686	189.39999390
624.00000000	190.00000000
624.15997314	190.60000610
624.32000732	191.19999695
624.47998047	191.80000305
624.64001465	192.39999390
624.79998779	193.00000000
624.96002197	193.60000610
625.11999512	194.19999695
625.28002930	194.80000305
625.44000244	195.39999390
625.59997559	196.00000000
625.76000977	196.60000610
625.91998291	197.19999695
626.08001709	197.80000305
626.23999023	198.39999390
626.40002441	199.00000000
626.55999756	199.60000610
626.71997070	200.19999695
626.88000488	200.80000305
627.03997803	201.39999390
627.20001221	202.00000000
627.35998535	202.60000610
627.52001953	203.19999695
627.67999268	203.80000305
627.84002686	204.39999390
628.00000000	205.00000000
628.15997314	205.60000610
628.32000732	206.19999695
628.47998047	206.80000305
628.64001465	207.39999390
628.79998779	208.00000000
628.96002197	208.60000610
629.11999512	209.19999695
629.28002930	209.80000305
629.44000244	210.39999390
629.59997559	211.00000000
629.76000977	211.60000610
629.91998291	212.19999695
630.08001709	212.80000305
630.23999023	213.39999390
630.40002441	214.00000000
630.55999756	214.60000610
630.71997070	215.19999695
630.88000488	215.80000305
631.03997803	216.39999390
631.20001221	217.00000000
631.35998535	217.60000610
631.52001953	218.19999695
631.67999268	218.80000305
631.84002686	219.39999390
632.00000000	220.00000000
632.15997314	220.60000610
632.32000732	221.19999695
632.47998047	221.80000305
632.64001465	222.39999390
632.79998779	223.00000000
632.96002197	223.60000610
633.11999512	224.19999695
633.28002930	224.80000305
633.44000244	225.39999390
633.59997559	226.00000000
633.76000977	226.60000610
633.91998291	227.19999695
634.08001709	227.80000305
634.23999023	228.39999390
634.40002441	229.00000000
634.55999756	229.60000610
634.71997070	230.19999695
634.88000488	230.80000305
635.03997803	231.39999390
635.20001221	232.00000000
635.35998535	232.60000610
635.52001953	233.19999695
635.67999268	233.80000305
635.84002686	234.39999390
636.00000000	235.00000000
636.15997314	235.60000610
636.32000732	236.19999695
636.47998047	236.80000305
636.64001465	237.39999390
636.79998779	238.00000000
636.96002197	238.60000610
637.11999512	239.19999695
637.28002930	239.80000305
637.44000244	240.39999390
637.59997559	241.00000000
637.76000977	241.60000610
637.91998291	242.19999695
638.08001709	242.80000305
638.23999023	243.39999390
638.40002441	244.00000000
638.55999756	244.60000610
638.71997070	245.19999695
638.88000488	245.80000305
639.03997803	246.39999390
639.20001221	247.00000000
639.35998535	247.60000610
639.52001953	248.19999695
639.67999268	248.80000305
639.84002686	249.39999390
640.00000000	250.00000000
640.15997314	250.60000610
640.32000732	251.19999695
640.47998047	251.80000305
640.64001465	252.39999390
640.79998779	253.00000000
640.96002197	253.60000610
641.11999512	254.19999695
641.28002930	254.80000305
641.44000244	255.39999390
641.59997559	256.00000000
641.76000977	256.60000610
641.91998291	257.20001221
642.08001709	257.79998779
642.23999023	258.39999390
642.40002441	259.00000000
642.55999756	259.60000610
642.71997070	260.20001221
642.88000488	260.79998779
643.03997803	261.39999390
643.20001221	262.00000000
643.35998535	262.60000610
643.52001953	263.20001221
643.67999268	263.79998779
643.84002686	264.39999390
644.00000000	265.00000000
644.15997314	265.60000610
644.32000732	266.20001221
644.47998047	266.79998779
644.64001465	267.39999390
644.79998779	268.00000000
644.96002197	268.60000610
645.11999512	269.20001221
645.28002930	269.79998779
645.44000244	270.39999390
645.59997559	271.00000000
645.76000977	271.60000610
645.91998291	272.20001221
646.08001709	272.79998779
646.23999023	273.39999390
646.40002441	274.00000000
646.55999756	274.60000610
646.71997070	275.20001221
646.88000488	275.79998779
647.03997803	276.39999390
647.20001221	277.00000000
647.35998535	277.60000610
647.52001953	278.20001221
647.67999268	278.79998779
647.84002686	279.39999390
648.00000000	280.00000000
648.15997314	280.60000610
648.32000732	281.20001221
648.47998047	281.79998779
648.64001465	282.39999390
648.79998779	283.00000000
648.96002197	283.60000610
649.11999512	284.20001221
649.28002930	284.79998779
649.44000244	285.39999390
649.59997559	286.00000000
649.76000977	286.60000610
649.91998291	287.20001221
650.08001709	287.79998779
650.23999023	288.39999390
650.40002441	289.00000000
650.55999756	289.60000610
650.71997070	290.20001221
650.88000488	290.79998779
651.03997803	291.39999390
651.20001221	292.00000000
651.35998535	292.60000610
651.52001953	293.20001221
651.67999268	293.79998779
651.84002686	294.39999390
652.00000000	295.00000000
652.15997314	295.60000610
652.32000732	296.20001221
652.47998047	296.79998779
652.64001465	297.39999390
652.79998779	298.00000000
652.96002197	298.60000610
653.11999512	299.20001221
653.28002930	299.79998779
653.44000244	300.39999390
653.59997559	301.00000000
653.76000977	301.60000610
653.91998291	302.20001221
654.08001709	302.79998779
654.23999023	303.39999390
654.40002441	304.00000000
654.55999756	304.60000610
654.71997070	305.20001221
654.88000488	305.79998779
655.03997803	306.39999390
655.20001221	307.00000000
655.35998535	307.60000610
655.52001953	308.20001221
655.67999268	308.79998779
655.84002686	309.39999390
656.00000000	310.00000000
656.15997314	310.60000610
656.32000732	311.20001221
656.47998047	311.79998779
656.64001465	312.39999390
656.79998779	313.00000000
656.96002197	313.60000610
657.11999512	314.20001221
657.28002930	314.79998779
657.44000244	315.39999390
657.59997559	316.00000000
657.76000977	316.60000610
657.91998291	317.20001221
658.08001709	317.79998779
658.23999023	318.39999390
658.40002441	319.00000000
658.55999756	319.60000610
658.71997070	320.20001221
658.88000488	320.79998779
659.03997803	321.39999390
659.20001221	322.00000000
659.35998535	322.60000610
659.52001953	323.20001221
659.67999268	323.79998779
659.84002686	324.39999390
660.00000000	325.00000000
660.15997314	325.60000610
660.32000732	326.20001221
660.47998047	326.79998779
660.64001465	327.39999390
660.79998779	328.00000000
660.96002197	328.60000610
661.11999512	329.20001221
661.28002930	329.79998779
661.44000244	330.39999390
661.59997559	331.00000000
661.76000977	331.60000610
661.91998291	332.20001221
662.08001709	332.79998779
662.23999023	333.39999390
662.40002441	334.00000000
662.55999756	334.60000610
662.71997070	335.20001221
662.88000488	335.79998779
663.03997803	336.39999390
663.20001221	337.00000000
663.35998535	337.60000610
663.52001953	338.20001221
663.67999268	338.79998779
663.84002686	339.39999390
664.00000000	340.00000000
664.15997314	340.60000610
664.32000732	341.20001221
664.47998047	341.79998779
664.64001465	342.39999390
664.79998779	343.00000000
664.96002197	343.60000610
665.11999512	344.20001221
665.28002930	344.79998779
665.44000244	345.39999390
665.59997559	346.00000000
665.76000977	346.60000610
665.91998291	347.20001221
666.08001709	347.79998779
666.23999023	348.39999390
666.40002441	349.00000000
666.55999756	349.60000610
666.71997070	350.20001221
666.88000488	350.79998779
667.03997803	351.39999390
667.20001221	352.00000000
667.35998535	352.60000610
667.52001953	353.20001221
667.67999268	353.79998779
667.84002686	354.39999390
668.00000000	355.00000000
668.15997314	355.60000610
668.32000732	356.20001221
668.47998047	356.79998779
668.64001465	357.39999390
668.79998779	358.00000000
668.96002197	358.60000610
669.11999512	359.20001221
669.28002930	359.79998779
669.44000244	360.39999390
669.59997559	361.00000000
669.76000977	361.60000610
669.91998291	362.20001221
670.08001709	362.79998779
670.23999023	363.39999390
670.40002441	364.00000000
670.55999756	364.60000610
670.71997070	365.20001221
670.88000488	365.79998779
671.03997803	366.39999390
671.20001221	367.00000000
671.35998535	367.60000610
671.52001953	368.20001221
671.67999268	368.79998779
671.84002686	369.39999390
672.00000000	370.00000000
672.15997314	370.60000610
672.32000732	371.20001221
672.47998047	371.79998779
672.64001465	372.39999390
672.79998779	373.00000000
672.96002197	373.60000610
673.11999512	374.20001221
673.28002930	374.79998779
673.44000244	375.39999390
673.59997559	376.00000000
673.76000977	376.60000610
673.91998291	377.20001221
674.08001709	377.79998779
674.23999023	378.39999390
674.40002441	379.00000000
674.55999756	379.60000610
674.71997070	380.20001221
674.88000488	380.79998779
675.03997803	381.39999390
675.20001221	382.00000000
675.35998535	382.60000610
675.52001953	383.20001221
675.67999268	383.79998779
675.84002686	384.39999390
676.00000000	385.00000000
676.15997314	385.60000610
676.32000732	386.20001221
676.47998047	386.79998779
676.64001465	387.39999390
676.79998779	388.00000000
676.96002197	388.60000610
677.11999512	389.20001221
677.28002930	389.79998779
677.44000244	390.39999390
677.59997559	391.00000000
677.76000977	391.60000610
677.91998291	392.20001221
678.08001709	392.79998779
678.23999023	393.39999390
678.40002441	394.00000000
678.55999756	394.60000610
678.71997070	395.20001221
678.88000488	395.79998779
679.03997803	396.39999390
679.20001221	397.00000000
679.35998535	397.60000610
679.52001953	398.20001221
679.67999268	398.79998779
679.84002686	399.39999390
680.00158691	399.99398804
680.16162109	399.39401245
680.32159424	398.79400635
680.48162842	398.19400024
680.64160156	397.59399414
680.80157471	396.99398804
680.96160889	396.39401245
681.12158203	395.79400635
681.28161621	395.19400024
681.44158936	394.59399414
681.60162354	393.99398804
681.76159668	393.39401245
681.92156982	392.79400635
682.08160400	392.19400024
682.24157715	391.59399414
682.40161133	390.99398804
682.56158447	390.39401245
682.72161865	389.79400635
682.88159180	389.19400024
683.04162598	388.59399414
683.20159912	387.99398804
683.36157227	387.39401245
683.52160645	386.79400635
683.68157959	386.19400024
683.84161377	385.59399414
684.00158691	384.99398804
684.16162109	384.39401245
684.32159424	383.79400635
684.48162842	383.19400024
684.64160156	382.59399414
684.80157471	381.99398804
684.96160889	381.39401245
685.12158203	380.79400635
685.28161621	380.19400024
685.44158936	379.59399414
685.60162354	378.99398804
685.76159668	378.39401245
685.92156982	377.79400635
686.08160400	377.19400024
686.24157715	376.59399414
686.40161133	375.99398804
686.56158447	375.39401245
686.72161865	374.79400635
686.88159180	374.19400024
687.04162598	373.59399414
687.20159912	372.99398804
687.36157227	372.39401245
687.52160645	371.79400635
687.68157959	371.19400024
687.84161377	370.59399414
688.00158691	369.99398804
688.16162109	369.39401245
688.32159424	368.79400635
688.48162842	368.19400024
688.64160156	367.59399414
688.80157471	366.99398804
688.96160889	366.39401245
689.12158203	365.79400635
689.28161621	365.19400024
689.44158936	364.59399414
689.60162354	363.99398804
689.76159668	363.39401245
689.92156982	362.79400635
690.08160400	362.19400024
690.24157715	361.59399414
690.40161133	360.99398804
690.56158447	360.39401245
690.72161865	359.79400635
690.88159180	359.19400024
691.04162598	358.59399414
691.20159912	357.99398804
691.36157227	357.39401245
691.52160645	356.79400635
691.68157959	356.19400024
691.84161377	355.59399414
692.00158691	354.99398804
692.16162109	354.39401245
692.32159424	353.79400635
692.48162842	353.19400024
692.64160156	352.59399414
692.80157471	351.99398804
692.96160889	351.39401245
693.12158203	350.79400635
693.28161621	350.19400024
693.44158936	349.59399414
693.60162354	348.99398804
693.76159668	348.39401245
693.92156982	347.79400635
694.08160400	347.19400024
694.24157715	346.59399414
694.40161133	345.99398804
694.56158447	345.39401245
694.72161865	344.79400635
694.88159180	344.19400024
695.04162598	343.59399414
695.20159912	342.99398804
695.36157227	342.39401245
695.52160645	341.79400635
695.68157959	341.19400024
695.84161377	340.59399414
696.00158691	339.99398804
696.35162354	340.76400757
696.70159912	341.53399658
697.05157471	342.30398560
697.40161133	343.07400513
697.75158691	343.84399414
698.10162354	344.61401367
698.45159912	345.38400269
698.80157471	346.15399170
699.15161133	346.92401123
699.50158691	347.69400024
699.85162354	348.46398926
700.20159912	349.23400879
700.55157471	350.00399780
700.90161133	350.77398682
701.25158691	351.54400635
701.60162354	352.31399536
701.95159912	353.08401489
702.30157471	353.85400391
702.65161133	354.62399292
703.00158691	355.39401245
703.35162354	356.16400146
703.70159912	356.93399048
704.05157471	357.70401001
704.40161133	358.47399902
704.75158691	359.24398804
705.10162354	360.01400757
705.45159912	360.78399658
705.80157471	361.55398560
706.15161133	362.32400513
706.50158691	363.09399414
706.85162354	363.86401367
707.20159912	364.63400269
707.55157471	365.40399170
707.90161133	366.17401123
708.25158691	366.94400024
708.60162354	367.71398926
708.95159912	368.48400879
709.30157471	369.25399780
709.65161133	370.02398682
710.00158691	370.79400635
710.35162354	371.56399536
710.70159912	372.33401489
711.05157471	373.10400391
711.40161133	373.87399292
711.75158691	374.64401245
712.10162354	375.41400146
712.45159912	376.18399048
712.80157471	376.95401001
713.15161133	377.72399902
713.50158691	378.49398804
713.85162354	379.26400757
714.20159912	380.03399658
714.55157471	380.80398560
714.90161133	381.57400513
715.25158691	382.34399414
715.60162354	383.11401367
715.95159912	383.88400269
716.30157471	384.65399170
716.65161133	385.42401123
717.00158691	386.19400024
717.35162354	386.96398926
717.70159912	387.73400879
718.05157471	388.50399780
718.40161133	389.27398682
718.75158691	390.04400635
719.10162354	390.81399536
719.45159912	391.58401489
719.80157471	392.35400391
720.15161133	393.12399292
720.50158691	393.89401245
720.85162354	394.66400146
721.20159912	395.43399048
721.55157471	396.20401001
721.90161133	396.97399902
722.25158691	397.74398804
722.60162354	398.51400757
722.95159912	399.28399658
723.30157471	399.94601440
723.65161133	399.17599487
724.00158691	398.40600586
724.35162354	397.63598633
724.70159912	396.86599731
725.05157471	396.09600830
725.40161133	395.32598877
725.75158691	394.55599976
726.10162354	393.78601074
726.45159912	393.01599121
726.80157471	392.24600220
727.15161133	391.47601318
727.50158691	390.70599365
727.85162354	389.93600464
728.20159912	389.16598511
728.55157471	388.39599609
728.90161133	387.62600708
729.25158691	386.85598755
729.60162354	386.08599854
729.95159912	385.31600952
730.30157471	384.54598999
730.65161133	383.77600098
731.00158691	383.00601196
731.35162354	382.23599243
731.70159912	381.46600342
732.05157471	380.69601440
732.40161133	379.92599487
732.75158691	379.15600586
733.10162354	378.38598633
733.45159912	377.61599731
733.80157471	376.84600830
734.15161133	376.07598877
734.50158691	375.30599976
734.85162354	374.53601074
735.20159912	373.76599121
735.55157471	372.99600220
735.90161133	372.22601318
736.25158691	371.45599365
736.60162354	370.68600464
736.95159912	369.91598511
737.30157471	369.14599609
737.65161133	368.37600708
738.00158691	367.60598755
738.35162354	366.83599854
738.70159912	366.06600952
739.05157471	365.29598999
739.40161133	364.52600098
739.75158691	363.75601196
740.10162354	362.98599243
740.45159912	362.21600342
740.80157471	361.44601440
741.15161133	360.67599487
741.50158691	359.90600586
741.85162354	359.13598633
742.20159912	358.36599731
742.55157471	357.59600830
742.90161133	356.82598877
743.25158691	356.05599976
743.60162354	355.28601074
743.95159912	354.51599121
744.30157471	353.74600220
744.65161133	352.97601318
745.00158691	352.20599365
745.35162354	351.43600464
745.70159912	350.66598511
746.05157471	349.89599609
746.40161133	349.12600708
746.75158691	348.35598755
747.10162354	347.58599854
747.45159912	346.81600952
747.80157471	346.04598999
748.15161133	345.27600098
748.50158691	344.50601196
748.85162354	343.73599243
749.20159912	342.96600342
749.55157471	342.19601440
749.90161133	341.42599487
750.25158691	340.65600586
750.60162354	339.88598633
750.95159912	339.11599731
751.30157471	338.34600830
751.65161133	337.57598877
752.00158691	336.80599976
752.35162354	336.03601074
752.70159912	335.26599121
753.05157471	334.49600220
753.40161133	333.72601318
753.75158691	332.95599365
754.10162354	332.18600464
754.45159912	331.41598511
754.80157471	330.64599609
755.15161133	329.87600708
755.50158691	329.10598755
755.85162354	328.33599854
756.20159912	327.56600952
756.55157471	326.79598999
756.90161133	326.02600098
757.25158691	325.25601196
757.60162354	324.48599243
757.95159912	323.71600342
758.30157471	322.94601440
758.65161133	322.17599487
759.00158691	321.40600586
759.35162354	320.63598633
759.70159912	319.86599731
760.05157471	319.09600830
760.40161133	318.32598877
760.75158691	317.55599976
761.10162354	316.78601074
761.45159912	316.01599121
761.80157471	315.24600220
762.15161133	314.47601318
762.50158691	313.70599365
762.85162354	312.93600464
763.20159912	312.16598511
763.55157471	311.39599609
763.90161133	310.62600708
764.25158691	309.85598755
764.60162354	309.08599854
764.95159912	308.31600952
765.30157471	307.54598999
765.65161133	306.77600098
766.00158691	306.00601196
766.35162354	305.23599243
766.70159912	304.46600342
767.05157471	303.69601440
767.40161133	302.92599487
767.75158691	302.15600586
768.10162354	301.38598633
768.45159912	300.61599731
768.80157471	299.84600830
769.15161133	299.07598877
769.50158691	298.30599976
769.85162354	297.53601074
770.20159912	296.76599121
770.55157471	295.99600220
770.90161133	295.22601318
771.25158691	294.45599365
771.60162354	293.68600464
771.95159912	292.91598511
772.30157471	292.14599609
772.65161133	291.37600708
773.00158691	290.60598755
773.35162354	289.83599854
773.70159912	289.06600952
774.05157471	288.29598999
774.40161133	287.52600098
774.75158691	286.75601196
775.10162354	285.98599243
775.45159912	285.21600342
775.80157471	284.44601440
776.15161133	283.67599487
776.50158691	282.90600586
776.85162354	282.13598633
777.20159912	281.36599731
777.55157471	280.59600830
777.90161133	279.82598877
778.25158691	279.05599976
778.60162354	278.28601074
778.95159912	277.51599121
779.30157471	276.74600220
779.65161133	275.97601318
780.00158691	275.20599365
780.35162354	274.43600464
780.70159912	273.66598511
781.05157471	272.89599609
781.40161133	272.12600708
781.75158691	271.35598755
782.10162354	270.58599854
782.45159912	269.81600952
782.80157471	269.04598999
783.15161133	268.27600098
783.50158691	267.50601196
783.85162354	266.73599243
784.20159912	265.96600342
784.55157471	265.19601440
784.90161133	264.42599487
785.25158