600.76000977	100.19000244
601.52001953	100.37999725
602.28002930	100.56999969
603.03997803	100.76000214
603.79998779	100.94999695
604.55999756	101.13999939
605.32000732	101.33000183
606.08001709	101.51999664
606.84002686	101.70999908
607.59997559	101.90000153
608.35998535	102.08999634
609.11999512	102.27999878
609.88000488	102.47000122
610.64001465	102.66000366
611.40002441	102.84999847
612.15997314	103.04000092
612.91998291	103.23000336
613.67999268	103.41999817
614.44000244	103.61000061
615.20001221	103.80000305
615.96002197	103.98999786
616.71997070	104.18000031
617.47998047	104.37000275
618.23999023	104.55999756
619.00000000	104.75000000
619.76000977	104.94000244
620.52001953	105.12999725
621.28002930	105.31999969
622.03997803	105.51000214
622.79998779	105.69999695
623.55999756	105.88999939
624.32000732	106.08000183
625.08001709	106.26999664
625.84002686	106.45999908
626.59997559	106.65000153
627.35998535	106.83999634
628.11999512	107.02999878
628.88000488	107.22000122
629.64001465	107.41000366
630.40002441	107.59999847
631.15997314	107.79000092
631.91998291	107.98000336
632.67999268	108.16999817
633.44000244	108.36000061
634.20001221	108.55000305
634.96002197	108.73999786
635.71997070	108.93000031
636.47998047	109.12000275
637.23999023	109.30999756
638.00000000	109.50000000
638.76000977	109.69000244
639.52001953	109.87999725
640.28002930	110.06999969
641.03997803	110.26000214
641.79998779	110.44999695
642.55999756	110.63999939
643.32000732	110.83000183
644.08001709	111.01999664
644.84002686	111.20999908
645.59997559	111.40000153
646.35998535	111.58999634
647.11999512	111.77999878
647.88000488	111.97000122
648.64001465	112.16000366
649.40002441	112.34999847
650.15997314	112.54000092
650.91998291	112.73000336
651.67999268	112.91999817
652.44000244	113.11000061
653.20001221	113.30000305
653.96002197	113.48999786
654.71997070	113.68000031
655.47998047	113.87000275
656.23999023	114.05999756
657.00000000	114.25000000
657.76000977	114.44000244
658.52001953	114.62999725
659.28002930	114.81999969
660.03997803	115.01000214
660.79998779	115.19999695
661.55999756	115.38999939
662.32000732	115.58000183
663.08001709	115.76999664
663.84002686	115.95999908
664.59997559	116.15000153
665.35998535	116.33999634
666.11999512	116.52999878
666.88000488	116.72000122
667.64001465	116.91000366
668.40002441	117.09999847
669.15997314	117.29000092
669.91998291	117.48000336
670.67999268	117.66999817
671.44000244	117.86000061
672.20001221	118.05000305
672.96002197	118.23999786
673.71997070	118.43000031
674.47998047	118.62000275
675.23999023	118.80999756
676.00000000	119.00000000
676.76000977	119.19000244
677.52001953	119.37999725
678.28002930	119.56999969
679.03997803	119.76000214
679.79998779	119.94999695
680.55999756	120.13999939
681.32000732	120.33000183
682.08001709	120.51999664
682.84002686	120.70999908
683.59997559	120.90000153
684.35998535	121.08999634
685.11999512	121.27999878
685.88000488	121.47000122
686.64001465	121.66000366
687.40002441	121.84999847
688.15997314	122.04000092
688.91998291	122.23000336
689.67999268	122.41999817
690.44000244	122.61000061
691.20001221	122.80000305
691.96002197	122.98999786
692.71997070	123.18000031
693.47998047	123.37000275
694.23999023	123.55999756
695.00000000	123.75000000
695.76000977	123.94000244
696.52001953	124.12999725
697.28002930	124.31999969
698.03997803	124.51000214
698.79998779	124.69999695
699.55999756	124.88999939
700.32000732	125.08000183
701.08001709	125.26999664
701.84002686	125.45999908
702.59997559	125.65000153
703.35998535	125.83999634
704.11999512	126.02999878
704.88000488	126.22000122
705.64001465	126.41000366
706.40002441	126.59999847
707.15997314	126.79000092
707.91998291	126.98000336
708.67999268	127.16999817
709.44000244	127.36000061
710.20001221	127.55000305
710.96002197	127.73999786
711.71997070	127.93000031
712.47998047	128.11999512
713.23999023	128.30999756
714.00000000	128.50000000
714.76000977	128.69000244
715.52001953	128.88000488
716.28002930	129.07000732
717.03997803	129.25999451
717.79998779	129.44999695
718.55999756	129.63999939
719.32000732	129.83000183
720.08001709	130.02000427
720.84002686	130.21000671
721.59997559	130.39999390
722.35998535	130.58999634
723.11999512	130.77999878
723.88000488	130.97000122
724.64001465	131.16000366
725.40002441	131.35000610
726.15997314	131.53999329
726.91998291	131.72999573
727.67999268	131.91999817
728.44000244	132.11000061
729.20001221	132.30000305
729.96002197	132.49000549
730.71997070	132.67999268
731.47998047	132.86999512
732.23999023	133.05999756
733.00000000	133.25000000
733.76000977	133.44000244
734.52001953	133.63000488
735.28002930	133.82000732
736.03997803	134.00999451
736.79998779	134.19999695
737.55999756	134.38999939
738.32000732	134.58000183
739.08001709	134.77000427
739.84002686	134.96000671
740.59997559	135.14999390
741.35998535	135.33999634
742.11999512	135.52999878
742.88000488	135.72000122
743.64001465	135.91000366
744.40002441	136.10000610
745.15997314	136.28999329
745.91998291	136.47999573
746.67999268	136.66999817
747.44000244	136.86000061
748.20001221	137.05000305
748.96002197	137.24000549
749.71997070	137.42999268
750.47998047	137.61999512
751.23999023	137.80999756
752.00000000	138.00000000
752.76000977	138.19000244
753.52001953	138.38000488
754.28002930	138.57000732
755.03997803	138.75999451
755.79998779	138.94999695
756.55999756	139.13999939
757.32000732	139.33000183
758.08001709	139.52000427
758.84002686	139.71000671
759.59997559	139.89999390
760.35998535	140.08999634
761.11999512	140.27999878
761.88000488	140.47000122
762.64001465	140.66000366
763.40002441	140.85000610
764.15997314	141.03999329
764.91998291	141.22999573
765.67999268	141.41999817
766.44000244	141.61000061
767.20001221	141.80000305
767.96002197	141.99000549
768.71997070	142.17999268
769.47998047	142.36999512
770.23999023	142.55999756
771.00000000	142.75000000
771.76000977	142.94000244
772.52001953	143.13000488
773.28002930	143.32000732
774.03997803	143.50999451
774.79998779	143.69999695
775.55999756	143.88999939
776.32000732	144.08000183
777.08001709	144.27000427
777.84002686	144.46000671
778.59997559	144.64999390
779.35998535	144.83999634
780.11999512	145.02999878
780.88000488	145.22000122
781.64001465	145.41000366
782.40002441	145.60000610
783.15997314	145.78999329
783.91998291	145.97999573
784.67999268	146.16999817
785.44000244	146.36000061
786.20001221	146.55000305
786.96002197	146.74000549
787.71997070	146.92999268
788.47998047	147.11999512
789.23999023	147.30999756
790.00000000	147.50000000
790.76000977	147.69000244
791.52001953	147.88000488
792.28002930	148.07000732
793.03997803	148.25999451
793.79998779	148.44999695
794.55999756	148.63999939
795.32000732	148.83000183
796.08001709	149.02000427
796.84002686	149.21000671
797.59997559	149.39999390
798.35998535	149.58999634
799.11999512	149.77999878
799.88000488	149.97000122
800.64001465	150.16000366
801.40002441	150.35000610
802.15997314	150.53999329
802.91998291	150.72999573
803.67999268	150.91999817
804.44000244	151.11000061
805.20001221	151.30000305
805.96002197	151.49000549
806.71997070	151.67999268
807.47998047	151.86999512
808.23999023	152.05999756
809.00000000	152.25000000
809.76000977	152.44000244
810.52001953	152.63000488
811.28002930	152.82000732
812.03997803	153.00999451
812.79998779	153.19999695
813.55999756	153.38999939
814.32000732	153.58000183
815.08001709	153.77000427
815.84002686	153.96000671
816.59997559	154.14999390
817.35998535	154.33999634
818.11999512	154.52999878
818.88000488	154.72000122
819.64001465	154.91000366
820.40002441	155.10000610
821.15997314	155.28999329
821.91998291	155.47999573
822.67999268	155.66999817
823.44000244	155.86000061
824.20001221	156.05000305
824.96002197	156.24000549
825.71997070	156.42999268
826.47998047	156.61999512
827.23999023	156.80999756
828.00000000	157.00000000
828.76000977	157.19000244
829.52001953	157.38000488
830.28002930	157.57000732
831.03997803	157.75999451
831.79998779	157.94999695
832.55999756	158.13999939
833.32000732	158.33000183
834.08001709	158.52000427
834.84002686	158.71000671
835.59997559	158.89999390
836.35998535	159.08999634
837.11999512	159.27999878
837.88000488	159.47000122
838.64001465	159.66000366
839.40002441	159.85000610
840.15997314	160.03999329
840.91998291	160.22999573
841.67999268	160.41999817
842.44000244	160.61000061
843.20001221	160.80000305
843.96002197	160.99000549
844.71997070	161.17999268
845.47998047	161.36999512
846.23999023	161.55999756
847.00000000	161.75000000
847.76000977	161.94000244
848.52001953	162.13000488
849.28002930	162.32000732
850.03997803	162.50999451
850.79998779	162.69999695
851.55999756	162.88999939
852.32000732	163.08000183
853.08001709	163.27000427
853.84002686	163.46000671
854.59997559	163.64999390
855.35998535	163.83999634
856.11999512	164.02999878
856.88000488	164.22000122
857.64001465	164.41000366
858.40002441	164.60000610
859.15997314	164.78999329
859.91998291	164.97999573
860.67999268	165.16999817
861.44000244	165.36000061
862.20001221	165.55000305
862.96002197	165.74000549
863.71997070	165.92999268
864.47998047	166.11999512
865.23999023	166.30999756
866.00000000	166.50000000
866.76000977	166.69000244
867.52001953	166.88000488
868.28002930	167.07000732
869.03997803	167.25999451
869.79998779	167.44999695
870.55999756	167.63999939
871.32000732	167.83000183
872.08001709	168.02000427
872.84002686	168.21000671
873.59997559	168.39999390
874.35998535	168.58999634
875.11999512	168.77999878
875.88000488	168.97000122
876.64001465	169.16000366
877.40002441	169.35000610
878.15997314	169.53999329
878.91998291	169.72999573
879.67999268	169.91999817
880.44000244	170.11000061
881.20001221	170.30000305
881.96002197	170.49000549
882.71997070	170.67999268
883.47998047	170.86999512
884.23999023	171.05999756
885.00000000	171.25000000
885.76000977	171.44000244
886.52001953	171.63000488
887.28002930	171.82000732
888.03997803	172.00999451
888.79998779	172.19999695
889.55999756	172.38999939
890.32000732	172.58000183
891.08001709	172.77000427
891.84002686	172.96000671
892.59997559	173.14999390
893.35998535	173.33999634
894.11999512	173.52999878
894.88000488	173.72000122
895.64001465	173.91000366
896.40002441	174.10000610
897.15997314	174.28999329
897.91998291	174.47999573
898.67999268	174.66999817
899.44000244	174.86000061
900.20001221	175.05000305
900.96002197	175.24000549
901.71997070	175.42999268
902.47998047	175.61999512
903.23999023	175.80999756
904.00000000	176.00000000
904.76000977	176.19000244
905.52001953	176.38000488
906.28002930	176.57000732
907.03997803	176.75999451
907.79998779	176.94999695
908.55999756	177.13999939
909.32000732	177.33000183
910.08001709	177.52000427
910.84002686	177.71000671
911.59997559	177.89999390
912.35998535	178.08999634
913.11999512	178.27999878
913.88000488	178.47000122
914.64001465	178.66000366
915.40002441	178.85000610
916.15997314	179.03999329
916.91998291	179.22999573
917.67999268	179.41999817
918.44000244	179.61000061
919.20001221	179.80000305
919.96002197	179.99000549
920.71997070	180.17999268
921.47998047	180.36999512
922.23999023	180.55999756
923.00000000	180.75000000
923.76000977	180.94000244
924.52001953	181.13000488
925.28002930	181.32000732
926.03997803	181.50999451
926.79998779	181.69999695
927.55999756	181.88999939
928.32000732	182.08000183
929.08001709	182.27000427
929.84002686	182.46000671
930.59997559	182.64999390
931.35998535	182.83999634
932.11999512	183.02999878
932.88000488	183.22000122
933.64001465	183.41000366
934.40002441	183.60000610
935.15997314	183.78999329
935.91998291	183.97999573
936.67999268	184.16999817
937.44000244	184.36000061
938.20001221	184.55000305
938.96002197	184.74000549
939.71997070	184.92999268
940.47998047	185.11999512
941.23999023	185.30999756
942.00000000	185.50000000
942.76000977	185.69000244
943.52001953	185.88000488
944.28002930	186.07000732
945.03997803	186.25999451
945.79998779	186.44999695
946.55999756	186.63999939
947.32000732	186.83000183
948.08001709	187.02000427
948.84002686	187.21000671
949.59997559	187.39999390
950.35998535	187.58999634
951.11999512	187.77999878
951.88000488	187.97000122
952.64001465	188.16000366
953.40002441	188.35000610
954.15997314	188.53999329
954.91998291	188.72999573
955.67999268	188.91999817
956.44000244	189.11000061
957.20001221	189.30000305
957.96002197	189.49000549
958.71997070	189.67999268
959.47998047	189.86999512
960.23999023	190.05999756
961.00000000	190.25000000
961.76000977	190.44000244
962.52001953	190.63000488
963.28002930	190.82000732
964.03997803	191.00999451
964.79998779	191.19999695
965.55999756	191.38999939
966.32000732	191.58000183
967.08001709	191.77000427
967.84002686	191.96000671
968.59997559	192.14999390
969.35998535	192.33999634
970.11999512	192.52999878
970.88000488	192.72000122
971.64001465	192.91000366
972.40002441	193.10000610
973.15997314	193.28999329
973.91998291	193.47999573
974.67999268	193.66999817
975.44000244	193.86000061
976.20001221	194.05000305
976.96002197	194.24000549
977.71997070	194.42999268
978.47998047	194.61999512
979.23999023	194.80999756
980.00000000	195.00000000
980.76000977	195.19000244
981.52001953	195.38000488
982.28002930	195.57000732
983.03997803	195.75999451
983.79998779	195.94999695
984.55999756	196.13999939
985.32000732	196.33000183
986.08001709	196.52000427
986.84002686	196.71000671
987.59997559	196.89999390
988.35998535	197.08999634
989.11999512	197.27999878
989.88000488	197.47000122
990.64001465	197.66000366
991.40002441	197.85000610
992.15997314	198.03999329
992.91998291	198.22999573
993.67999268	198.41999817
994.44000244	198.61000061
995.20001221	198.80000305
995.96002197	198.99000549
996.71997070	199.17999268
997.47998047	199.36999512
998.23999023	199.55999756
999.00000000	199.75000000
999.76000977	199.94000244
1000.52001953	200.13000488
1001.28002930	200.32000732
1002.03997803	200.50999451
1002.79998779	200.69999695
1003.55999756	200.88999939
1004.32000732	201.08000183
1005.08001709	201.27000427
1005.84002686	201.46000671
1006.59997559	201.64999390
1007.35998535	201.83999634
1008.11999512	202.02999878
1008.88000488	202.22000122
1009.64001465	202.41000366
1010.40002441	202.60000610
1011.15997314	202.78999329
1011.91998291	202.97999573
1012.67999268	203.16999817
1013.44000244	203.36000061
1014.20001221	203.55000305
1014.96002197	203.74000549
1015.71997070	203.92999268
1016.47998047	204.11999512
1017.23999023	204.30999756
1018.00000000	204.50000000
1018.76000977	204.69000244
1019.52001953	204.88000488
1020.28002930	205.07000732
1021.03997803	205.25999451
1021.79998779	205.44999695
1022.55999756	205.63999939
1023.32000732	205.83000183
1024.07995605	206.02000427
1024.83996582	206.21000671
1025.59997559	206.39999390
1026.35998535	206.58999634
1027.11999512	206.77999878
1027.88000488	206.97000122
1028.64001465	207.16000366
1029.40002441	207.35000610
1030.16003418	207.53999329
1030.92004395	207.72999573
1031.68005371	207.91999817
1032.43994141	208.11000061
1033.19995117	208.30000305
1033.95996094	208.49000549
1034.71997070	208.67999268
1035.47998047	208.86999512
1036.23999023	209.05999756
1037.00000000	209.25000000
1037.76000977	209.44000244
1038.52001953	209.63000488
1039.28002930	209.82000732
1040.04003906	210.00999451
1040.80004883	210.19999695
1041.56005859	210.38999939
1042.31994629	210.58000183
1043.07995605	210.77000427
1043.83996582	210.96000671
1044.59997559	211.14999390
1045.35998535	211.33999634
1046.11999512	211.52999878
1046.88000488	211.72000122
1047.64001465	211.91000366
1048.40002441	212.10000610
1049.16003418	212.28999329
1049.92004395	212.47999573
1050.68005371	212.66999817
1051.43994141	212.86000061
1052.19995117	213.05000305
1052.95996094	213.24000549
1053.71997070	213.42999268
1054.47998047	213.61999512
1055.23999023	213.80999756
1056.00000000	214.00000000
1056.76000977	214.19000244
1057.52001953	214.38000488
1058.28002930	214.57000732
1059.04003906	214.75999451
1059.80004883	214.94999695
1060.56005859	215.13999939
1061.31994629	215.33000183
1062.07995605	215.52000427
1062.83996582	215.71000671
1063.59997559	215.89999390
1064.35998535	216.08999634
1065.11999512	216.27999878
1065.88000488	216.47000122
1066.64001465	216.66000366
1067.40002441	216.85000610
1068.16003418	217.03999329
1068.92004395	217.22999573
1069.68005371	217.41999817
1070.43994141	217.61000061
1071.19995117	217.80000305
1071.95996094	217.99000549
1072.71997070	218.17999268
1073.47998047	218.36999512
1074.23999023	218.55999756
1075.00000000	218.75000000
1075.76000977	218.94000244
1076.52001953	219.13000488
1077.28002930	219.32000732
1078.04003906	219.50999451
1078.80004883	219.69999695
1079.56005859	219.88999939
1080.31994629	220.08000183
1081.07995605	220.27000427
1081.83996582	220.46000671
1082.59997559	220.64999390
1083.35998535	220.83999634
1084.11999512	221.02999878
1084.88000488	221.22000122
1085.64001465	221.41000366
1086.40002441	221.60000610
1087.16003418	221.78999329
1087.92004395	221.97999573
1088.68005371	222.16999817
1089.43994141	222.36000061
1090.19995117	222.55000305
1090.95996094	222.74000549
1091.71997070	222.92999268
1092.47998047	223.11999512
1093.23999023	223.30999756
1094.00000000	223.50000000
1094.76000977	223.69000244
1095.52001953	223.88000488
1096.28002930	224.07000732
1097.04003906	224.25999451
1097.80004883	224.44999695
1098.56005859	224.63999939
1099.31994629	224.83000183
1100.07995605	225.02000427
1100.83996582	225.21000671
1101.59997559	225.39999390
1102.35998535	225.58999634
1103.11999512	225.77999878
1103.88000488	225.97000122
1104.64001465	226.16000366
1105.40002441	226.35000610
1106.16003418	226.53999329
1106.92004395	226.72999573
1107.68005371	226.91999817
1108.43994141	227.11000061
1109.19995117	227.30000305
1109.95996094	227.49000549
1110.71997070	227.67999268
1111.47998047	227.86999512
1112.23999023	228.05999756
1113.00000000	228.25000000
1113.76000977	228.44000244
1114.52001953	228.63000488
1115.28002930	228.82000732
1116.04003906	229.00999451
1116.80004883	229.19999695
1117.56005859	229.38999939
1118.31994629	229.58000183
1119.07995605	229.77000427
1119.83996582	229.96000671
1120.59997559	230.14999390
1121.35998535	230.33999634
1122.11999512	230.52999878
1122.88000488	230.72000122
1123.64001465	230.91000366
1124.40002441	231.10000610
1125.16003418	231.28999329
1125.92004395	231.47999573
1126.68005371	231.66999817
1127.43994141	231.86000061
1128.19995117	232.05000305
1128.95996094	232.24000549
1129.71997070	232.42999268
1130.47998047	232.61999512
1131.23999023	232.80999756
1132.00000000	233.00000000
1132.76000977	233.19000244
1133.52001953	233.38000488
1134.28002930	233.57000732
1135.04003906	233.75999451
1135.80004883	233.94999695
1136.56005859	234.13999939
1137.31994629	234.33000183
1138.07995605	234.52000427
1138.83996582	234.71000671
1139.59997559	234.89999390
1140.35998535	235.08999634
1141.11999512	235.27999878
1141.88000488	235.47000122
1142.64001465	235.66000366
1143.40002441	235.85000610
1144.16003418	236.03999329
1144.92004395	236.22999573
1145.68005371	236.41999817
1146.43994141	236.61000061
1147.19995117	236.80000305
1147.95996094	236.99000549
1148.71997070	237.17999268
1149.47998047	237.36999512
1150.23999023	237.55999756
1151.00000000	237.75000000
1151.76000977	237.94000244
1152.52001953	238.13000488
1153.28002930	238.32000732
1154.04003906	238.50999451
1154.80004883	238.69999695
1155.56005859	238.88999939
1156.31994629	239.08000183
1157.07995605	239.27000427
1157.83996582	239.46000671
1158.59997559	239.64999390
1159.35998535	239.83999634
1160.11999512	240.02999878
1160.88000488	240.22000122
1161.64001465	240.41000366
1162.40002441	240.60000610
1163.16003418	240.78999329
1163.92004395	240.97999573
1164.68005371	241.16999817
1165.43994141	241.36000061
1166.19995117	241.55000305
1166.95996094	241.74000549
1167.71997070	241.92999268
1168.47998047	242.11999512
1169.23999023	242.30999756
1170.00000000	242.50000000
1170.76000977	242.69000244
1171.52001953	242.88000488
1172.28002930	243.07000732
1173.04003906	243.25999451
1173.80004883	243.44999695
1174.56005859	243.63999939
1175.31994629	243.83000183
1176.07995605	244.02000427
1176.83996582	244.21000671
1177.59997559	244.39999390
1178.35998535	244.58999634
1179.11999512	244.77999878
1179.88000488	244.97000122
1180.64001465	245.16000366
1181.40002441	245.35000610
1182.16003418	245.53999329
1182.92004395	245.72999573
1183.68005371	245.91999817
1184.43994141	246.11000061
1185.19995117	246.30000305
1185.95996094	246.49000549
1186.71997070	246.67999268
1187.47998047	246.86999512
1188.23999023	247.05999756
1189.00000000	247.25000000
1189.76000977	247.44000244
1190.52001953	247.63000488
1191.28002930	247.82000732
1192.04003906	248.00999451
1192.80004883	248.19999695
1193.56005859	248.38999939
1194.31994629	248.58000183
1195.07995605	248.77000427
1195.83996582	248.96000671
1196.59997559	249.14999390
1197.35998535	249.33999634
1198.11999512	249.52999878
1198.88000488	249.72000122
1199.64001465	249.91000366
1200.40002441	250.10000610
1201.16003418	250.28999329
1201.92004395	250.47999573
1202.68005371	250.66999817
1203.43994141	250.86000061
1204.19995117	251.05000305
1204.95996094	251.24000549
1205.71997070	251.42999268
1206.47998047	251.61999512
1207.23999023	251.80999756
1208.00000000	252.00000000
1208.76000977	252.19000244
1209.52001953	252.38000488
1210.28002930	252.57000732
1211.04003906	252.75999451
1211.80004883	252.94999695
1212.56005859	253.13999939
1213.31994629	253.33000183
1214.07995605	253.52000427
1214.83996582	253.71000671
1215.59997559	253.89999390
1216.35998535	254.08999634
1217.11999512	254.27999878
1217.88000488	254.47000122
1218.64001465	254.66000366
1219.40002441	254.85000610
1220.16003418	255.03999329
1220.92004395	255.22999573
1221.68005371	255.41999817
1222.43994141	255.61000061
1223.19995117	255.80000305
1223.95996094	255.99000549
1224.71997070	256.17999268
1225.47998047	256.36999512
1226.23999023	256.55999756
1227.00000000	256.75000000
1227.76000977	256.94000244
1228.52001953	257.13000488
1229.28002930	257.32000732
1230.04003906	257.51000977
1230.80004883	257.70001221
1231.56005859	257.89001465
1232.31994629	258.07998657
1233.07995605	258.26998901
1233.83996582	258.45999146
1234.59997559	258.64999390
1235.35998535	258.83999634
1236.11999512	259.02999878
1236.88000488	259.22000122
1237.64001465	259.41000366
1238.40002441	259.60000610
1239.16003418	259.79000854
1239.92004395	259.98001099
1240.68005371	260.17001343
1241.43994141	260.35998535
1242.19995117	260.54998779
1242.95996094	260.73999023
1243.71997070	260.92999268
1244.47998047	261.11999512
1245.23999023	261.30999756
1246.00000000	261.50000000
1246.76000977	261.69000244
1247.52001953	261.88000488
1248.28002930	262.07000732
1249.04003906	262.26000977
1249.80004883	262.45001221
1250.56005859	262.64001465
1251.31994629	262.82998657
1252.07995605	263.01998901
1252.83996582	263.20999146
1253.59997559	263.39999390
1254.35998535	263.58999634
1255.11999512	263.77999878
1255.88000488	263.97000122
1256.64001465	264.16000366
1257.40002441	264.35000610
1258.16003418	264.54000854
1258.92004395	264.73001099
1259.68005371	264.92001343
1260.43994141	265.10998535
1261.19995117	265.29998779
1261.95996094	265.48999023
1262.71997070	265.67999268
1263.47998047	265.86999512
1264.23999023	266.05999756
1265.00000000	266.25000000
1265.76000977	266.44000244
1266.52001953	266.63000488
1267.28002930	266.82000732
1268.04003906	267.01000977
1268.80004883	267.20001221
1269.56005859	267.39001465
1270.31994629	267.57998657
1271.07995605	267.76998901
1271.83996582	267.95999146
1272.59997559	268.14999390
1273.35998535	268.33999634
1274.11999512	268.52999878
1274.88000488	268.72000122
1275.64001465	268.91000366
1276.40002441	269.10000610
1277.16003418	269.29000854
1277.92004395	269.48001099
1278.68005371	269.67001343
1279.43994141	269.85998535
1280.19995117	270.04998779
1280.95996094	270.23999023
1281.71997070	270.42999268
1282.47998047	270.61999512
1283.23999023	270.80999756
1284.00000000	271.00000000
1284.76000977	271.19000244
1285.52001953	271.38000488
1286.28002930	271.57000732
1287.04003906	271.76000977
1287.80004883	271.95001221
1288.56005859	272.14001465
1289.31994629	272.32998657
1290.07995605	272.51998901
1290.83996582	272.70999146
1291.59997559	272.89999390
1292.35998535	273.08999634
1293.11999512	273.27999878
1293.88000488	273.47000122
1294.64001465	273.66000366
1295.40002441	273.85000610
1296.16003418	274.04000854
1296.92004395	274.23001099
1297.68005371	274.42001343
1298.43994141	274.60998535
1299.19995117	274.79998779
1299.95996094	274.98999023
1300.71997070	275.17999268
1301.47998047	275.36999512
1302.23999023	275.55999756
1303.00000000	275.75000000
1303.76000977	275.94000244
1304.52001953	276.13000488
1305.28002930	276.32000732
1306.04003906	276.51000977
1306.80004883	276.70001221
1307.56005859	276.89001465
1308.31994629	277.07998657
1309.07995605	277.26998901
1309.83996582	277.45999146
1310.59997559	277.64999390
1311.35998535	277.83999634
1312.11999512	278.02999878
1312.88000488	278.22000122
1313.64001465	278.41000366
1314.40002441	278.60000610
1315.16003418	278.79000854
1315.92004395	278.98001099
1316.68005371	279.17001343
1317.43994141	279.35998535
1318.19995117	279.54998779
1318.95996094	279.73999023
1319.71997070	279.92999268
1320.47998047	280.11999512
1321.23999023	280.30999756
1322.00000000	280.50000000
1322.76000977	280.69000244
1323.52001953	280.88000488
1324.28002930	281.07000732
1325.04003906	281.26000977
1325.80004883	281.45001221
1326.56005859	281.64001465
1327.31994629	281.82998657
1328.07995605	282.01998901
1328.83996582	282.20999146
1329.59997559	282.39999390
1330.35998535	282.58999634
1331.11999512	282.77999878
1331.88000488	282.97000122
1332.64001465	283.16000366
1333.40002441	283.35000610
1334.16003418	283.54000854
1334.92004395	283.73001099
1335.68005371	283.92001343
1336.43994141	284.10998535
1337.19995117	284.29998779
1337.95996094	284.48999023
1338.71997070	284.67999268
1339.47998047	284.86999512
1340.23999023	285.05999756
1341.00000000	285.25000000
1341.76000977	285.44000244
1342.52001953	285.63000488
1343.28002930	285.82000732
1344.04003906	286.01000977
1344.80004883	286.20001221
1345.56005859	286.39001465
1346.31994629	286.57998657
1347.07995605	286.76998901
1347.83996582	286.95999146
1348.59997559	287.14999390
1349.35998535	287.33999634
1350.11999512	287.52999878
1350.88000488	287.72000122
1351.64001465	287.91000366
1352.40002441	288.10000610
1353.16003418	288.29000854
1353.92004395	288.48001099
1354.68005371	288.67001343
1355.43994141	288.85998535
1356.19995117	289.04998779
1356.95996094	289.23999023
1357.71997070	289.42999268
1358.47998047	289.61999512
1359.23999023	289.80999756
600.00000000	100.00000000
600.84002686	100.51000214
601.67999268	101.01999664
602.52001953	101.52999878
603.35998535	102.04000092
604.20001221	102.55000305
605.03997803	103.05999756
605.88000488	103.56999969
606.71997070	104.08000183
607.55999756	104.58999634
608.40002441	105.09999847
609.23999023	105.61000061
610.08001709	106.12000275
610.91998291	106.62999725
611.76000977	107.13999939
612.59997559	107.65000153
613.44000244	108.16000366
614.28002930	108.66999817
615.11999512	109.18000031
615.96002197	109.69000244
616.79998779	110.19999695
617.64001465	110.70999908
618.47998047	111.22000122
619.32000732	111.73000336
620.15997314	112.23999786
621.00000000	112.75000000
621.84002686	113.26000214
622.67999268	113.76999664
623.52001953	114.27999878
624.35998535	114.79000092
625.20001221	115.30000305
626.03997803	115.80999756
626.88000488	116.31999969
627.71997070	116.83000183
628.55999756	117.33999634
629.40002441	117.84999847
630.23999023	118.36000061
631.08001709	118.87000275
631.91998291	119.37999725
632.76000977	119.88999939
633.59997559	120.40000153
634.44000244	120.91000366
635.28002930	121.41999817
636.11999512	121.93000031
636.96002197	122.44000244
637.79998779	122.94999695
638.64001465	123.45999908
639.47998047	123.97000122
640.32000732	124.48000336
641.15997314	124.98999786
642.00000000	125.50000000
642.84002686	126.01000214
643.67999268	126.51999664
644.52001953	127.02999878
645.35998535	127.54000092
646.20001221	128.05000305
647.03997803	128.55999756
647.88000488	129.07000732
648.71997070	129.58000183
649.55999756	130.08999634
650.40002441	130.60000610
651.23999023	131.11000061
652.08001709	131.61999512
652.91998291	132.13000488
653.76000977	132.63999939
654.59997559	133.14999390
655.44000244	133.66000366
656.28002930	134.16999817
657.11999512	134.67999268
657.96002197	135.19000244
658.79998779	135.69999695
659.64001465	136.21000671
660.47998047	136.72000122
661.32000732	137.22999573
662.15997314	137.74000549
663.00000000	138.25000000
663.84002686	138.75999451
664.67999268	139.27000427
665.52001953	139.77999878
666.35998535	140.28999329
667.20001221	140.80000305
668.03997803	141.30999756
668.88000488	141.82000732
669.71997070	142.33000183
670.55999756	142.83999634
671.40002441	143.35000610
672.23999023	143.86000061
673.08001709	144.36999512
673.91998291	144.88000488
674.76000977	145.38999939
675.59997559	145.89999390
676.44000244	146.41000366
677.28002930	146.91999817
678.11999512	147.42999268
678.96002197	147.94000244
679.79998779	148.44999695
680.64001465	148.96000671
681.47998047	149.47000122
682.32000732	149.97999573
683.15997314	150.49000549
684.00000000	151.00000000
684.84002686	151.50999451
685.67999268	152.02000427
686.52001953	152.52999878
687.35998535	153.03999329
688.20001221	153.55000305
689.03997803	154.05999756
689.88000488	154.57000732
690.71997070	155.08000183
691.55999756	155.58999634
692.40002441	156.10000610
693.23999023	156.61000061
694.08001709	157.11999512
694.91998291	157.63000488
695.76000977	158.13999939
696.59997559	158.64999390
697.44000244	159.16000366
698.28002930	159.66999817
699.11999512	160.17999268
699.96002197	160.69000244
700.79998779	161.19999695
701.64001465	161.71000671
702.47998047	162.22000122
703.32000732	162.72999573
704.15997314	163.24000549
705.00000000	163.75000000
705.84002686	164.25999451
706.67999268	164.77000427
707.52001953	165.27999878
708.35998535	165.78999329
709.20001221	166.30000305
710.03997803	166.80999756
710.88000488	167.32000732
711.71997070	167.83000183
712.55999756	168.33999634
713.40002441	168.85000610
714.23999023	169.36000061
715.08001709	169.86999512
715.91998291	170.38000488
716.76000977	170.88999939
717.59997559	171.39999390
718.44000244	171.91000366
719.28002930	172.41999817
720.11999512	172.92999268
720.96002197	173.44000244
721.79998779	173.94999695
722.64001465	174.46000671
723.47998047	174.97000122
724.32000732	175.47999573
725.15997314	175.99000549
726.00000000	176.50000000
726.84002686	177.00999451
727.67999268	177.52000427
728.52001953	178.02999878
729.35998535	178.53999329
730.20001221	179.05000305
731.03997803	179.55999756
731.88000488	180.07000732
732.71997070	180.58000183
733.55999756	181.08999634
734.40002441	181.60000610
735.23999023	182.11000061
736.08001709	182.61999512
736.91998291	183.13000488
737.76000977	183.63999939
738.59997559	184.14999390
739.44000244	184.66000366
740.28002930	185.16999817
741.11999512	185.67999268
741.96002197	186.19000244
742.79998779	186.69999695
743.64001465	187.21000671
744.47998047	187.72000122
745.32000732	188.22999573
746.15997314	188.74000549
747.00000000	189.25000000
747.84002686	189.75999451
748.67999268	190.27000427
749.52001953	190.77999878
750.35998535	191.28999329
751.20001221	191.80000305
752.03997803	192.30999756
752.88000488	192.82000732
753.71997070	193.33000183
754.55999756	193.83999634
755.40002441	194.35000610
756.23999023	194.86000061
757.08001709	195.36999512
757.91998291	195.88000488
758.76000977	196.38999939
759.59997559	196.89999390
760.44000244	197.41000366
761.28002930	197.91999817
762.11999512	198.42999268
762.96002197	198.94000244
763.79998779	199.44999695
764.64001465	199.96000671
765.47998047	200.47000122
766.32000732	200.97999573
767.15997314	201.49000549
768.00000000	202.00000000
768.84002686	202.50999451
769.67999268	203.02000427
770.52001953	203.52999878
771.35998535	204.03999329
772.20001221	204.55000305
773.03997803	205.05999756
773.88000488	205.57000732
774.71997070	206.08000183
775.55999756	206.58999634
776.40002441	207.10000610
777.23999023	207.61000061
778.08001709	208.11999512
778.91998291	208.63000488
779.76000977	209.13999939
780.59997559	209.64999390
781.44000244	210.16000366
782.28002930	210.66999817
783.11999512	211.17999268
783.96002197	211.69000244
784.79998779	212.19999695
785.64001465	212.71000671
786.47998047	213.22000122
787.32000732	213.72999573
788.15997314	214.24000549
789.00000000	214.75000000
789.84002686	215.25999451
790.67999268	215.77000427
791.52001953	216.27999878
792.35998535	216.78999329
793.20001221	217.30000305
794.03997803	217.80999756
794.88000488	218.32000732
795.71997070	218.83000183
796.55999756	219.33999634
797.40002441	219.85000610
798.23999023	220.36000061
799.08001709	220.86999512
799.91998291	221.38000488
800.76000977	221.88999939
801.59997559	222.39999390
802.44000244	222.91000366
803.28002930	223.41999817
804.11999512	223.92999268
804.96002197	224.44000244
805.79998779	224.94999695
806.64001465	225.46000671
807.47998047	225.97000122
808.32000732	226.47999573
809.15997314	226.99000549
810.00000000	227.50000000
810.84002686	228.00999451
811.67999268	228.52000427
812.52001953	229.02999878
813.35998535	229.53999329
814.20001221	230.05000305
815.03997803	230.55999756
815.88000488	231.07000732
816.71997070	231.58000183
817.55999756	232.08999634
818.40002441	232.60000610
819.23999023	233.11000061
820.08001709	233.61999512
820.91998291	234.13000488
821.76000977	234.63999939
822.59997559	235.14999390
823.44000244	235.66000366
824.28002930	236.16999817
825.11999512	236.67999268
825.96002197	237.19000244
826.79998779	237.69999695
827.64001465	238.21000671
828.47998047	238.72000122
829.32000732	239.22999573
830.15997314	239.74000549
831.00000000	240.25000000
831.84002686	240.75999451
832.67999268	241.27000427
833.52001953	241.77999878
834.35998535	242.28999329
835.20001221	242.80000305
836.03997803	243.30999756
836.88000488	243.82000732
837.71997070	244.33000183
838.55999756	244.83999634
839.40002441	245.35000610
840.23999023	245.86000061
841.08001709	246.36999512
841.91998291	246.88000488
842.76000977	247.38999939
843.59997559	247.89999390
844.44000244	248.41000366
845.28002930	248.91999817
846.11999512	249.42999268
846.96002197	249.94000244
847.79998779	250.44999695
848.64001465	250.96000671
849.47998047	251.47000122
850.32000732	251.97999573
851.15997314	252.49000549
852.00000000	253.00000000
852.84002686	253.50999451
853.67999268	254.02000427
854.52001953	254.52999878
855.35998535	255.03999329
856.20001221	255.55000305
857.03997803	256.05999756
857.88000488	256.57000732
858.71997070	257.07998657
859.55999756	257.58999634
860.40002441	258.10000610
861.23999023	258.60998535
862.08001709	259.11999512
862.91998291	259.63000488
863.76000977	260.14001465
864.59997559	260.64999390
865.44000244	261.16000366
866.28002930	261.67001343
867.11999512	262.17999268
867.96002197	262.69000244
868.79998779	263.20001221
869.64001465	263.70999146
870.47998047	264.22000122
871.32000732	264.73001099
872.15997314	265.23999023
873.00000000	265.75000000
873.84002686	266.26000977
874.67999268	266.76998901
875.52001953	267.27999878
876.35998535	267.79000854
877.20001221	268.29998779
878.03997803	268.80999756
878.88000488	269.32000732
879.71997070	269.82998657
880.55999756	270.33999634
881.40002441	270.85000610
882.23999023	271.35998535
883.08001709	271.86999512
883.91998291	272.38000488
884.76000977	272.89001465
885.59997559	273.39999390
886.44000244	273.91000366
887.28002930	274.42001343
888.11999512	274.92999268
888.96002197	275.44000244
889.79998779	275.95001221
890.64001465	276.45999146
891.47998047	276.97000122
892.32000732	277.48001099
893.15997314	277.98999023
894.00000000	278.50000000
894.84002686	279.01000977
895.67999268	279.51998901
896.52001953	280.02999878
897.35998535	280.54000854
898.20001221	281.04998779
899.03997803	281.55999756
899.88000488	282.07000732
900.71997070	282.57998657
901.55999756	283.08999634
902.40002441	283.60000610
903.23999023	284.10998535
904.08001709	284.61999512
904.91998291	285.13000488
905.76000977	285.64001465
906.59997559	286.14999390
907.44000244	286.66000366
908.28002930	287.17001343
909.11999512	287.67999268
909.96002197	288.19000244
910.79998779	288.70001221
911.64001465	289.20999146
912.47998047	289.72000122
913.32000732	290.23001099
914.15997314	290.73999023
915.00000000	291.25000000
915.84002686	291.76000977
916.67999268	292.26998901
917.52001953	292.77999878
918.35998535	293.29000854
919.20001221	293.79998779
920.03997803	294.30999756
920.88000488	294.82000732
921.71997070	295.32998657
922.55999756	295.83999634
923.40002441	296.35000610
924.23999023	296.85998535
925.08001709	297.36999512
925.91998291	297.88000488
926.76000977	298.39001465
927.59997559	298.89999390
928.44000244	299.41000366
929.28002930	299.92001343
930.11999512	300.42999268
930.96002197	300.94000244
931.79998779	301.45001221
932.64001465	301.95999146
933.47998047	302.47000122
934.32000732	302.98001099
935.15997314	303.48999023
936.00000000	304.00000000
936.84002686	304.51000977
937.67999268	305.01998901
938.52001953	305.52999878
939.35998535	306.04000854
940.20001221	306.54998779
941.03997803	307.05999756
941.88000488	307.57000732
942.71997070	308.07998657
943.55999756	308.58999634
944.40002441	309.10000610
945.23999023	309.60998535
946.08001709	310.11999512
946.91998291	310.63000488
947.76000977	311.14001465
948.59997559	311.64999390
949.44000244	312.16000366
950.28002930	312.67001343
951.11999512	313.17999268
951.96002197	313.69000244
952.79998779	314.20001221
953.64001465	314.70999146
954.47998047	315.22000122
955.32000732	315.73001099
956.15997314	316.23999023
957.00000000	316.75000000
957.84002686	317.26000977
958.67999268	317.76998901
959.52001953	318.27999878
960.35998535	318.79000854
961.20001221	319.29998779
962.03997803	319.80999756
962.88000488	320.32000732
963.71997070	320.82998657
964.55999756	321.33999634
965.40002441	321.85000610
966.23999023	322.35998535
967.08001709	322.86999512
967.91998291	323.38000488
968.76000977	323.89001465
969.59997559	324.39999390
970.44000244	324.91000366
971.28002930	325.42001343
972.11999512	325.92999268
972.96002197	326.44000244
973.79998779	326.95001221
974.64001465	327.45999146
975.47998047	327.97000122
976.32000732	328.48001099
977.15997314	328.98999023
978.00000000	329.50000000
978.84002686	330.01000977
979.67999268	330.51998901
980.52001953	331.02999878
981.35998535	331.54000854
982.20001221	332.04998779
983.03997803	332.55999756
983.88000488	333.07000732
984.71997070	333.57998657
985.55999756	334.08999634
986.40002441	334.60000610
987.23999023	335.10998535
988.08001709	335.61999512
988.91998291	336.13000488
989.76000977	336.64001465
990.59997559	337.14999390
991.44000244	337.66000366
992.28002930	338.17001343
993.11999512	338.67999268
993.96002197	339.19000244
994.79998779	339.70001221
995.64001465	340.20999146
996.47998047	340.72000122
997.32000732	341.23001099
998.15997314	341.73999023
999.00000000	342.25000000
999.84002686	342.76000977
1000.67999268	343.26998901
1001.52001953	343.77999878
1002.35998535	344.29000854
1003.20001221	344.79998779
1004.03997803	345.30999756
1004.88000488	345.82000732
1005.71997070	346.32998657
1006.55999756	346.83999634
1007.40002441	347.35000610
1008.23999023	347.85998535
1009.08001709	348.36999512
1009.91998291	348.88000488
1010.76000977	349.39001465
1011.59997559	349.89999390
1012.44000244	350.41000366
1013.28002930	350.92001343
1014.11999512	351.42999268
1014.96002197	351.94000244
1015.79998779	352.45001221
1016.64001465	352.95999146
1017.47998047	353.47000122
1018.32000732	353.98001099
1019.15997314	354.48999023
1020.00000000	355.00000000
1020.84002686	355.51000977
1021.67999268	356.01998901
1022.52001953	356.52999878
1023.35998535	357.04000854
1024.19995117	357.54998779
1025.04003906	358.05999756
1025.88000488	358.57000732
1026.71997070	359.07998657
1027.56005859	359.58999634
1028.40002441	360.10000610
1029.23999023	360.60998535
1030.07995605	361.11999512
1030.92004395	361.63000488
1031.76000977	362.14001465
1032.59997559	362.64999390
1033.43994141	363.16000366
1034.28002930	363.67001343
1035.11999512	364.17999268
1035.95996094	364.69000244
1036.80004883	365.20001221
1037.64001465	365.70999146
1038.47998047	366.22000122
1039.31994629	366.73001099
1040.16003418	367.23999023
1041.00000000	367.75000000
1041.83996582	368.26000977
1042.68005371	368.76998901
1043.52001953	369.27999878
1044.35998535	369.79000854
1045.19995117	370.29998779
1046.04003906	370.80999756
1046.88000488	371.32000732
1047.71997070	371.82998657
1048.56005859	372.33999634
1049.40002441	372.85000610
1050.23999023	373.35998535
1051.07995605	373.86999512
1051.92004395	374.38000488
1052.76000977	374.89001465
1053.59997559	375.39999390
1054.43994141	375.91000366
1055.28002930	376.42001343
1056.11999512	376.92999268
1056.95996094	377.44000244
1057.80004883	377.95001221
1058.64001465	378.45999146
1059.47998047	378.97000122
1060.31994629	379.48001099
1061.16003418	379.98999023
1062.00000000	380.50000000
1062.83996582	381.01000977
1063.68005371	381.51998901
1064.52001953	382.02999878
1065.35998535	382.54000854
1066.19995117	383.04998779
1067.04003906	383.55999756
1067.88000488	384.07000732
1068.71997070	384.57998657
1069.56005859	385.08999634
1070.40002441	385.60000610
1071.23999023	386.10998535
1072.07995605	386.61999512
1072.92004395	387.13000488
1073.76000977	387.64001465
1074.59997559	388.14999390
1075.43994141	388.66000366
1076.28002930	389.17001343
1077.11999512	389.67999268
1077.95996094	390.19000244
1078.80004883	390.70001221
1079.64001465	391.20999146
1080.47998047	391.72000122
1081.31994629	392.23001099
1082.16003418	392.73999023
1083.00000000	393.25000000
1083.83996582	393.76000977
1084.68005371	394.26998901
1085.52001953	394.77999878
1086.35998535	395.29000854
1087.19995117	395.79998779
1088.04003906	396.30999756
1088.88000488	396.82000732
1089.71997070	397.32998657
1090.56005859	397.83999634
1091.40002441	398.35000610
1092.23999023	398.85998535
1093.07995605	399.36999512
1093.92004395	399.88000488
600.00000000	100.00000000
600.01000977	100.22000122
600.02001953	100.44000244
600.03002930	100.66000366
600.03997803	100.87999725
600.04998779	101.09999847
600.05999756	101.31999969
600.07000732	101.54000092
600.08001709	101.76000214
600.09002686	101.98000336
600.09997559	102.19999695
600.10998535	102.41999817
600.11999512	102.63999939
600.13000488	102.86000061
600.14001465	103.08000183
600.15002441	103.30000305
600.15997314	103.51999664
600.16998291	103.73999786
600.17999268	103.95999908
600.19000244	104.18000031
600.20001221	104.40000153
600.21002197	104.62000275
600.21997070	104.83999634
600.22998047	105.05999756
600.23999023	105.27999878
600.25000000	105.50000000
600.26000977	105.72000122
600.27001953	105.94000244
600.28002930	106.16000366
600.28997803	106.37999725
600.29998779	106.59999847
600.30999756	106.81999969
600.32000732	107.04000092
600.33001709	107.26000214
600.34002686	107.48000336
600.34997559	107.69999695
600.35998535	107.91999817
600.36999512	108.13999939
600.38000488	108.36000061
600.39001465	108.58000183
600.40002441	108.80000305
600.40997314	109.01999664
600.41998291	109.23999786
600.42999268	109.45999908
600.44000244	109.68000031
600.45001221	109.90000153
600.46002197	110.12000275
600.46997070	110.33999634
600.47998047	110.55999756
600.48999023	110.77999878
600.50000000	111.00000000
600.51000977	111.22000122
600.52001953	111.44000244
600.53002930	111.66000366
600.53997803	111.87999725
600.54998779	112.09999847
600.55999756	112.31999969
600.57000732	112.54000092
600.58001709	112.76000214
600.59002686	112.98000336
600.59997559	113.19999695
600.60998535	113.41999817
600.61999512	113.63999939
600.63000488	113.86000061
600.64001465	114.08000183
600.65002441	114.30000305
600.65997314	114.51999664
600.66998291	114.73999786
600.67999268	114.95999908
600.69000244	115.18000031
600.70001221	115.40000153
600.71002197	115.62000275
600.71997070	115.83999634
600.72998047	116.05999756
600.73999023	116.27999878
600.75000000	116.50000000
600.76000977	116.72000122
600.77001953	116.94000244
600.78002930	117.16000366
600.78997803	117.37999725
600.79998779	117.59999847
600.80999756	117.81999969
600.82000732	118.04000092
600.83001709	118.26000214
600.84002686	118.48000336
600.84997559	118.69999695
600.85998535	118.91999817
600.86999512	119.13999939
600.88000488	119.36000061
600.89001465	119.58000183
600.90002441	119.80000305
600.90997314	120.01999664
600.91998291	120.23999786
600.92999268	120.45999908
600.94000244	120.68000031
600.95001221	120.90000153
600.96002197	121.12000275
600.96997070	121.33999634
600.97998047	121.55999756
600.98999023	121.77999878
601.00000000	122.00000000
601.01000977	122.22000122
601.02001953	122.44000244
601.03002930	122.66000366
601.03997803	122.87999725
601.04998779	123.09999847
601.05999756	123.31999969
601.07000732	123.54000092
601.08001709	123.76000214
601.09002686	123.98000336
601.09997559	124.19999695
601.10998535	124.41999817
601.11999512	124.63999939
601.13000488	124.86000061
601.14001465	125.08000183
601.15002441	125.30000305
601.15997314	125.51999664
601.16998291	125.73999786
601.17999268	125.95999908
601.19000244	126.18000031
601.20001221	126.40000153
601.21002197	126.62000275
601.21997070	126.83999634
601.22998047	127.05999756
601.23999023	127.27999878
601.25000000	127.50000000
601.26000977	127.72000122
601.27001953	127.94000244
601.28002930	128.16000366
601.28997803	128.38000488
601.29998779	128.60000610
601.30999756	128.82000732
601.32000732	129.03999329
601.33001709	129.25999451
601.34002686	129.47999573
601.34997559	129.69999695
601.35998535	129.91999817
601.36999512	130.13999939
601.38000488	130.36000061
601.39001465	130.58000183
601.40002441	130.80000305
601.40997314	131.02000427
601.41998291	131.24000549
601.42999268	131.46000671
601.44000244	131.67999268
601.45001221	131.89999390
601.46002197	132.11999512
601.46997070	132.33999634
601.47998047	132.55999756
601.48999023	132.77999878
601.50000000	133.00000000
601.51000977	133.22000122
601.52001953	133.44000244
601.53002930	133.66000366
601.53997803	133.88000488
601.54998779	134.10000610
601.55999756	134.32000732
601.57000732	134.53999329
601.58001709	134.75999451
601.59002686	134.97999573
601.59997559	135.19999695
601.60998535	135.41999817
601.61999512	135.63999939
601.63000488	135.86000061
601.64001465	136.08000183
601.65002441	136.30000305
601.65997314	136.52000427
601.66998291	136.74000549
601.67999268	136.96000671
601.69000244	137.17999268
601.70001221	137.39999390
601.71002197	137.61999512
601.71997070	137.83999634
601.72998047	138.05999756
601.73999023	138.27999878
601.75000000	138.50000000
601.76000977	138.72000122
601.77001953	138.94000244
601.78002930	139.16000366
601.78997803	139.38000488
601.79998779	139.60000610
601.80999756	139.82000732
601.82000732	140.03999329
601.83001709	140.25999451
601.84002686	140.47999573
601.84997559	140.69999695
601.85998535	140.91999817
601.86999512	141.13999939
601.88000488	141.36000061
601.89001465	141.58000183
601.90002441	141.80000305
601.90997314	142.02000427
601.91998291	142.24000549
601.92999268	142.46000671
601.94000244	142.67999268
601.95001221	142.89999390
601.96002197	143.11999512
601.96997070	143.33999634
601.97998047	143.55999756
601.98999023	143.77999878
602.00000000	144.00000000
602.01000977	144.22000122
602.02001953	144.44000244
602.03002930	144.66000366
602.03997803	144.88000488
602.04998779	145.10000610
602.05999756	145.32000732
602.07000732	145.53999329
602.08001709	145.75999451
602.09002686	145.97999573
602.09997559	146.19999695
602.10998535	146.41999817
602.11999512	146.63999939
602.13000488	146.86000061
602.14001465	147.08000183
602.15002441	147.30000305
602.15997314	147.52000427
602.16998291	147.74000549
602.17999268	147.96000671
602.19000244	148.17999268
602.20001221	148.39999390
602.21002197	148.61999512
602.21997070	148.83999634
602.22998047	149.05999756
602.23999023	149.27999878
602.25000000	149.50000000
602.26000977	149.72000122
602.27001953	149.94000244
602.28002930	150.16000366
602.28997803	150.38000488
602.29998779	150.60000610
602.30999756	150.82000732
602.32000732	151.03999329
602.33001709	151.25999451
602.34002686	151.47999573
602.34997559	151.69999695
602.35998535	151.91999817
602.36999512	152.13999939
602.38000488	152.36000061
602.39001465	152.58000183
602.40002441	152.80000305
602.40997314	153.02000427
602.41998291	153.24000549
602.42999268	153.46000671
602.44000244	153.67999268
602.45001221	153.89999390
602.46002197	154.11999512
602.46997070	154.33999634
602.47998047	154.55999756
602.48999023	154.77999878
602.50000000	155.00000000
602.51000977	155.22000122
602.52001953	155.44000244
602.53002930	155.66000366
602.53997803	155.88000488
602.54998779	156.10000610
602.55999756	156.32000732
602.57000732	156.53999329
602.58001709	156.75999451
602.59002686	156.97999573
602.59997559	157.19999695
602.60998535	157.41999817
602.61999512	157.63999939
602.63000488	157.86000061
602.64001465	158.08000183
602.65002441	158.30000305
602.65997314	158.52000427
602.66998291	158.74000549
602.67999268	158.96000671
602.69000244	159.17999268
602.70001221	159.39999390
602.71002197	159.61999512
602.71997070	159.83999634
602.72998047	160.05999756
602.73999023	160.27999878
602.75000000	160.50000000
602.76000977	160.72000122
602.77001953	160.94000244
602.78002930	161.16000366
602.78997803	161.38000488
602.79998779	161.60000610
602.80999756	161.82000732
602.82000732	162.03999329
602.83001709	162.25999451
602.84002686	162.47999573
602.84997559	162.69999695
602.85998535	162.91999817
602.86999512	163.13999939
602.88000488	163.36000061
602.89001465	163.58000183
602.90002441	163.80000305
602.90997314	164.02000427
602.91998291	164.24000549
602.92999268	164.46000671
602.94000244	164.67999268
602.95001221	164.89999390
602.96002197	165.11999512
602.96997070	165.33999634
602.97998047	165.55999756
602.98999023	165.77999878
603.00000000	166.00000000
603.01000977	166.22000122
603.02001953	166.44000244
603.03002930	166.66000366
603.03997803	166.88000488
603.04998779	167.10000610
603.05999756	167.32000732
603.07000732	167.53999329
603.08001709	167.75999451
603.09002686	167.97999573
603.09997559	168.19999695
603.10998535	168.41999817
603.11999512	168.63999939
603.13000488	168.86000061
603.14001465	169.08000183
603.15002441	169.30000305
603.15997314	169.52000427
603.16998291	169.74000549
603.17999268	169.96000671
603.19000244	170.17999268
603.20001221	170.39999390
603.21002197	170.61999512
603.21997070	170.83999634
603.22998047	171.05999756
603.23999023	171.27999878
603.25000000	171.50000000
603.26000977	171.72000122
603.27001953	171.94000244
603.28002930	172.16000366
603.28997803	172.38000488
603.29998779	172.60000610
603.30999756	172.82000732
603.32000732	173.03999329
603.33001709	173.25999451
603.34002686	173.47999573
603.34997559	173.69999695
603.35998535	173.91999817
603.36999512	174.13999939
603.38000488	174.36000061
603.39001465	174.58000183
603.40002441	174.80000305
603.40997314	175.02000427
603.41998291	175.24000549
603.42999268	175.46000671
603.44000244	175.67999268
603.45001221	175.89999390
603.46002197	176.11999512
603.46997070	176.33999634
603.47998047	176.55999756
603.48999023	176.77999878
603.50000000	177.00000000
603.51000977	177.22000122
603.52001953	177.44000244
603.53002930	177.66000366
603.53997803	177.88000488
603.54998779	178.10000610
603.55999756	178.32000732
603.57000732	178.53999329
603.58001709	178.75999451
603.59002686	178.97999573
603.59997559	179.19999695
603.60998535	179.41999817
603.61999512	179.63999939
603.63000488	179.86000061
603.64001465	180.08000183
603.65002441	180.30000305
603.65997314	180.52000427
603.66998291	180.74000549
603.67999268	180.96000671
603.69000244	181.17999268
603.70001221	181.39999390
603.71002197	181.61999512
603.71997070	181.83999634
603.72998047	182.05999756
603.73999023	182.27999878
603.75000000	182.50000000
603.76000977	182.72000122
603.77001953	182.94000244
603.78002930	183.16000366
603.78997803	183.38000488
603.79998779	183.60000610
603.80999756	183.82000732
603.82000732	184.03999329
603.83001709	184.25999451
603.84002686	184.47999573
603.84997559	184.69999695
603.85998535	184.91999817
603.86999512	185.13999939
603.88000488	185.36000061
603.89001465	185.58000183
603.90002441	185.80000305
603.90997314	186.02000427
603.91998291	186.24000549
603.92999268	186.46000671
603.94000244	186.67999268
603.95001221	186.89999390
603.96002197	187.11999512
603.96997070	187.33999634
603.97998047	187.55999756
603.98999023	187.77999878
604.00000000	188.00000000
604.01000977	188.22000122
604.02001953	188.44000244
604.03002930	188.66000366
604.03997803	188.88000488
604.04998779	189.10000610
604.05999756	189.32000732
604.07000732	189.53999329
604.08001709	189.75999451
604.09002686	189.97999573
604.09997559	190.19999695
604.10998535	190.41999817
604.11999512	190.63999939
604.13000488	190.86000061
604.14001465	191.08000183
604.15002441	191.30000305
604.15997314	191.52000427
604.16998291	191.74000549
604.17999268	191.96000671
604.19000244	192.17999268
604.20001221	192.39999390
604.21002197	192.61999512
604.21997070	192.83999634
604.22998047	193.05999756
604.23999023	193.27999878
604.25000000	193.50000000
604.26000977	193.72000122
604.27001953	193.94000244
604.28002930	194.16000366
604.28997803	194.38000488
604.29998779	194.60000610
604.30999756	194.82000732
604.32000732	195.03999329
604.33001709	195.25999451
604.34002686	195.47999573
604.34997559	195.69999695
604.35998535	195.91999817
604.36999512	196.13999939
604.38000488	196.36000061
604.39001465	196.58000183
604.40002441	196.80000305
604.40997314	197.02000427
604.41998291	197.24000549
604.42999268	197.46000671
604.44000244	197.67999268
604.45001221	197.89999390
604.46002197	198.11999512
604.46997070	198.33999634
604.47998047	198.55999756
604.48999023	198.77999878
604.50000000	199.00000000
604.51000977	199.22000122
604.52001953	199.44000244
604.53002930	199.66000366
604.53997803	199.88000488
604.54998779	200.10000610
604.55999756	200.32000732
604.57000732	200.53999329
604.58001709	200.75999451
604.59002686	200.97999573
604.59997559	201.19999695
604.60998535	201.41999817
604.61999512	201.63999939
604.63000488	201.86000061
604.64001465	202.08000183
604.65002441	202.30000305
604.65997314	202.52000427
604.66998291	202.74000549
604.67999268	202.96000671
604.69000244	203.17999268
604.70001221	203.39999390
604.71002197	203.61999512
604.71997070	203.83999634
604.72998047	204.05999756
604.73999023	204.27999878
604.75000000	204.50000000
604.76000977	204.72000122
604.77001953	204.94000244
604.78002930	205.16000366
604.78997803	205.38000488
604.79998779	205.60000610
604.80999756	205.82000732
604.82000732	206.03999329
604.83001709	206.25999451
604.84002686	206.47999573
604.84997559	206.69999695
604.85998535	206.91999817
604.86999512	207.13999939
604.88000488	207.36000061
604.89001465	207.58000183
604.90002441	207.80000305
604.90997314	208.02000427
604.91998291	208.24000549
604.92999268	208.46000671
604.94000244	208.67999268
604.95001221	208.89999390
604.96002197	209.11999512
604.96997070	209.33999634
604.97998047	209.55999756
604.98999023	209.77999878
605.00000000	210.00000000
605.01000977	210.22000122
605.02001953	210.44000244
605.03002930	210.66000366
605.03997803	210.88000488
605.04998779	211.10000610
605.05999756	211.32000732
605.07000732	211.53999329
605.08001709	211.75999451
605.09002686	211.97999573
605.09997559	212.19999695
605.10998535	212.41999817
605.11999512	212.63999939
605.13000488	212.86000061
605.14001465	213.08000183
605.15002441	213.30000305
605.15997314	213.52000427
605.16998291	213.74000549
605.17999268	213.96000671
605.19000244	214.17999268
605.20001221	214.39999390
605.21002197	214.61999512
605.21997070	214.83999634
605.22998047	215.05999756
605.23999023	215.27999878
605.25000000	215.50000000
605.26000977	215.72000122
605.27001953	215.94000244
605.28002930	216.16000366
605.28997803	216.38000488
605.29998779	216.60000610
605.30999756	216.82000732
605.32000732	217.03999329
605.33001709	217.25999451
605.34002686	217.47999573
605.34997559	217.69999695
605.35998535	217.91999817
605.36999512	218.13999939
605.38000488	218.36000061
605.39001465	218.58000183
605.40002441	218.80000305
605.40997314	219.02000427
605.41998291	219.24000549
605.42999268	219.46000671
605.44000244	219.67999268
605.45001221	219.89999390
605.46002197	220.11999512
605.46997070	220.33999634
605.47998047	220.55999756
605.48999023	220.77999878
605.50000000	221.00000000
605.51000977	221.22000122
605.52001953	221.44000244
605.53002930	221.66000366
605.53997803	221.88000488
605.54998779	222.10000610
605.55999756	222.32000732
605.57000732	222.53999329
605.58001709	222.75999451
605.59002686	222.97999573
605.59997559	223.19999695
605.60998535	223.41999817
605.61999512	223.63999939
605.63000488	223.86000061
605.64001465	224.08000183
605.65002441	224.30000305
605.65997314	224.52000427
605.66998291	224.74000549
605.67999268	224.96000671
605.69000244	225.17999268
605.70001221	225.39999390
605.71002197	225.61999512
605.71997070	225.83999634
605.72998047	226.05999756
605.73999023	226.27999878
605.75000000	226.50000000
605.76000977	226.72000122
605.77001953	226.94000244
605.78002930	227.16000366
605.78997803	227.38000488
605.79998779	227.60000610
605.80999756	227.82000732
605.82000732	228.03999329
605.83001709	228.25999451
605.84002686	228.47999573
605.84997559	228.69999695
605.85998535	228.91999817
605.86999512	229.13999939
605.88000488	229.36000061
605.89001465	229.58000183
605.90002441	229.80000305
605.90997314	230.02000427
605.91998291	230.24000549
605.92999268	230.46000671
605.94000244	230.67999268
6