200.85000610	100.41000366
201.69999695	100.81999969
202.55000305	101.23000336
203.39999390	101.63999939
204.25000000	102.05000305
205.10000610	102.45999908
205.94999695	102.87000275
206.80000305	103.27999878
207.64999390	103.69000244
208.50000000	104.09999847
209.35000610	104.51000214
210.19999695	104.91999817
211.05000305	105.33000183
211.89999390	105.73999786
212.75000000	106.15000153
213.60000610	106.55999756
214.44999695	106.97000122
215.30000305	107.37999725
216.14999390	107.79000092
217.00000000	108.19999695
217.85000610	108.61000061
218.69999695	109.01999664
219.55000305	109.43000031
220.39999390	109.83999634
221.25000000	110.25000000
222.10000610	110.66000366
222.94999695	111.06999969
223.80000305	111.48000336
224.64999390	111.88999939
225.50000000	112.30000305
226.35000610	112.70999908
227.19999695	113.12000275
228.05000305	113.52999878
228.89999390	113.94000244
229.75000000	114.34999847
230.60000610	114.76000214
231.44999695	115.16999817
232.30000305	115.58000183
233.14999390	115.98999786
234.00000000	116.40000153
234.85000610	116.80999756
235.69999695	117.22000122
236.55000305	117.62999725
237.39999390	118.04000092
238.25000000	118.44999695
239.10000610	118.86000061
239.94999695	119.26999664
240.80000305	119.68000031
241.64999390	120.08999634
242.50000000	120.50000000
243.35000610	120.91000366
244.19999695	121.31999969
245.05000305	121.73000336
245.89999390	122.13999939
246.75000000	122.55000305
247.60000610	122.95999908
248.44999695	123.37000275
249.30000305	123.77999878
250.14999390	124.19000244
251.00000000	124.59999847
251.85000610	125.01000214
252.69999695	125.41999817
253.55000305	125.83000183
254.39999390	126.23999786
255.25000000	126.65000153
256.10000610	127.05999756
256.95001221	127.47000122
257.79998779	127.87999725
258.64999390	128.28999329
259.50000000	128.69999695
260.35000610	129.11000061
261.20001221	129.52000427
262.04998779	129.92999268
262.89999390	130.33999634
263.75000000	130.75000000
264.60000610	131.16000366
265.45001221	131.57000732
266.29998779	131.97999573
267.14999390	132.38999939
268.00000000	132.80000305
268.85000610	133.21000671
269.70001221	133.61999512
270.54998779	134.02999878
271.39999390	134.44000244
272.25000000	134.85000610
273.10000610	135.25999451
273.95001221	135.66999817
274.79998779	136.08000183
275.64999390	136.49000549
276.50000000	136.89999390
277.35000610	137.30999756
278.20001221	137.72000122
279.04998779	138.13000488
279.89999390	138.53999329
280.75000000	138.94999695
281.60000610	139.36000061
282.45001221	139.77000427
283.29998779	140.17999268
284.14999390	140.58999634
285.00000000	141.00000000
285.85000610	141.41000366
286.70001221	141.82000732
287.54998779	142.22999573
288.39999390	142.63999939
289.25000000	143.05000305
290.10000610	143.46000671
290.95001221	143.86999512
291.79998779	144.27999878
292.64999390	144.69000244
293.50000000	145.10000610
294.35000610	145.50999451
295.20001221	145.91999817
296.04998779	146.33000183
296.89999390	146.74000549
297.75000000	147.14999390
298.60000610	147.55999756
299.45001221	147.97000122
300.29998779	148.38000488
301.14999390	148.78999329
302.00000000	149.19999695
302.85000610	149.61000061
303.70001221	150.02000427
304.54998779	150.42999268
305.39999390	150.83999634
306.25000000	151.25000000
307.10000610	151.66000366
307.95001221	152.07000732
308.79998779	152.47999573
309.64999390	152.88999939
310.50000000	153.30000305
311.35000610	153.71000671
312.20001221	154.11999512
313.04998779	154.52999878
313.89999390	154.94000244
314.75000000	155.35000610
315.60000610	155.75999451
316.45001221	156.16999817
317.29998779	156.58000183
318.14999390	156.99000549
319.00000000	157.39999390
319.85000610	157.80999756
320.70001221	158.22000122
321.54998779	158.63000488
322.39999390	159.03999329
323.25000000	159.44999695
324.10000610	159.86000061
324.95001221	160.27000427
325.79998779	160.67999268
326.64999390	161.08999634
327.50000000	161.50000000
328.35000610	161.91000366
329.20001221	162.32000732
330.04998779	162.72999573
330.89999390	163.13999939
331.75000000	163.55000305
332.60000610	163.96000671
333.45001221	164.36999512
334.29998779	164.77999878
335.14999390	165.19000244
336.00000000	165.60000610
336.85000610	166.00999451
337.70001221	166.41999817
338.54998779	166.83000183
339.39999390	167.24000549
340.25000000	167.64999390
341.10000610	168.05999756
341.95001221	168.47000122
342.79998779	168.88000488
343.64999390	169.28999329
344.50000000	169.69999695
345.35000610	170.11000061
346.20001221	170.52000427
347.04998779	170.92999268
347.89999390	171.33999634
348.75000000	171.75000000
349.60000610	172.16000366
350.45001221	172.57000732
351.29998779	172.97999573
352.14999390	173.38999939
353.00000000	173.80000305
353.85000610	174.21000671
354.70001221	174.61999512
355.54998779	175.02999878
356.39999390	175.44000244
357.25000000	175.85000610
358.10000610	176.25999451
358.95001221	176.66999817
359.79998779	177.08000183
360.64999390	177.49000549
361.50000000	177.89999390
362.35000610	178.30999756
363.20001221	178.72000122
364.04998779	179.13000488
364.89999390	179.53999329
365.75000000	179.94999695
366.60000610	180.36000061
367.45001221	180.77000427
368.29998779	181.17999268
369.14999390	181.58999634
370.00000000	182.00000000
370.85000610	182.41000366
371.70001221	182.82000732
372.54998779	183.22999573
373.39999390	183.63999939
374.25000000	184.05000305
375.10000610	184.46000671
375.95001221	184.86999512
376.79998779	185.27999878
377.64999390	185.69000244
378.50000000	186.10000610
379.35000610	186.50999451
380.20001221	186.91999817
381.04998779	187.33000183
381.89999390	187.74000549
382.75000000	188.14999390
383.60000610	188.55999756
384.45001221	188.97000122
385.29998779	189.38000488
386.14999390	189.78999329
387.00000000	190.19999695
387.85000610	190.61000061
388.70001221	191.02000427
389.54998779	191.42999268
390.39999390	191.83999634
391.25000000	192.25000000
392.10000610	192.66000366
392.95001221	193.07000732
393.79998779	193.47999573
394.64999390	193.88999939
395.50000000	194.30000305
396.35000610	194.71000671
397.20001221	195.11999512
398.04998779	195.52999878
398.89999390	195.94000244
399.75000000	196.35000610
400.60000610	196.75999451
401.45001221	197.16999817
402.29998779	197.58000183
403.14999390	197.99000549
404.00000000	198.39999390
404.85000610	198.80999756
405.70001221	199.22000122
406.54998779	199.63000488
407.39999390	200.03999329
408.25000000	200.44999695
409.10000610	200.86000061
409.95001221	201.27000427
410.79998779	201.67999268
411.64999390	202.08999634
412.50000000	202.50000000
413.35000610	202.91000366
414.20001221	203.32000732
415.04998779	203.72999573
415.89999390	204.13999939
416.75000000	204.55000305
417.60000610	204.96000671
418.45001221	205.36999512
419.29998779	205.77999878
420.14999390	206.19000244
421.00000000	206.60000610
421.85000610	207.00999451
422.70001221	207.41999817
423.54998779	207.83000183
424.39999390	208.24000549
425.25000000	208.64999390
426.10000610	209.05999756
426.95001221	209.47000122
427.79998779	209.88000488
428.64999390	210.28999329
429.50000000	210.69999695
430.35000610	211.11000061
431.20001221	211.52000427
432.04998779	211.92999268
432.89999390	212.33999634
433.75000000	212.75000000
434.60000610	213.16000366
435.45001221	213.57000732
436.29998779	213.97999573
437.14999390	214.38999939
438.00000000	214.80000305
438.85000610	215.21000671
439.70001221	215.61999512
440.54998779	216.02999878
441.39999390	216.44000244
442.25000000	216.85000610
443.10000610	217.25999451
443.95001221	217.66999817
444.79998779	218.08000183
445.64999390	218.49000549
446.50000000	218.89999390
447.35000610	219.30999756
448.20001221	219.72000122
449.04998779	220.13000488
449.89999390	220.53999329
450.75000000	220.94999695
451.60000610	221.36000061
452.45001221	221.77000427
453.29998779	222.17999268
454.14999390	222.58999634
455.00000000	223.00000000
455.85000610	223.41000366
456.70001221	223.82000732
457.54998779	224.22999573
458.39999390	224.63999939
459.25000000	225.05000305
460.10000610	225.46000671
460.95001221	225.86999512
461.79998779	226.27999878
462.64999390	226.69000244
463.50000000	227.10000610
464.35000610	227.50999451
465.20001221	227.91999817
466.04998779	228.33000183
466.89999390	228.74000549
467.75000000	229.14999390
468.60000610	229.55999756
469.45001221	229.97000122
470.29998779	230.38000488
471.14999390	230.78999329
472.00000000	231.19999695
472.85000610	231.61000061
473.70001221	232.02000427
474.54998779	232.42999268
475.39999390	232.83999634
476.25000000	233.25000000
477.10000610	233.66000366
477.95001221	234.07000732
478.79998779	234.47999573
479.64999390	234.88999939
480.50000000	235.30000305
481.35000610	235.71000671
482.20001221	236.11999512
483.04998779	236.52999878
483.89999390	236.94000244
484.75000000	237.35000610
485.60000610	237.75999451
486.45001221	238.16999817
487.29998779	238.58000183
488.14999390	238.99000549
489.00000000	239.39999390
489.85000610	239.80999756
490.70001221	240.22000122
491.54998779	240.63000488
492.39999390	241.03999329
493.25000000	241.44999695
494.10000610	241.86000061
494.95001221	242.27000427
495.79998779	242.67999268
496.64999390	243.08999634
497.50000000	243.50000000
498.35000610	243.91000366
499.20001221	244.32000732
500.04998779	244.72999573
500.89999390	245.13999939
501.75000000	245.55000305
502.60000610	245.96000671
503.45001221	246.36999512
504.29998779	246.77999878
505.14999390	247.19000244
506.00000000	247.60000610
506.85000610	248.00999451
507.70001221	248.41999817
508.54998779	248.83000183
509.39999390	249.24000549
510.25000000	249.64999390
511.10000610	250.05999756
511.95001221	250.47000122
512.79998779	250.88000488
513.65002441	251.28999329
514.50000000	251.69999695
515.34997559	252.11000061
516.20001221	252.52000427
517.04998779	252.92999268
517.90002441	253.33999634
518.75000000	253.75000000
519.59997559	254.16000366
520.45001221	254.57000732
521.29998779	254.97999573
522.15002441	255.38999939
523.00000000	255.80000305
523.84997559	256.20999146
524.70001221	256.61999512
525.54998779	257.02999878
526.40002441	257.44000244
527.25000000	257.85000610
528.09997559	258.26000977
528.95001221	258.67001343
529.79998779	259.07998657
530.65002441	259.48999023
531.50000000	259.89999390
532.34997559	260.30999756
533.20001221	260.72000122
534.04998779	261.13000488
534.90002441	261.54000854
535.75000000	261.95001221
536.59997559	262.35998535
537.45001221	262.76998901
538.29998779	263.17999268
539.15002441	263.58999634
540.00000000	264.00000000
540.84997559	264.41000366
541.70001221	264.82000732
542.54998779	265.23001099
543.40002441	265.64001465
544.25000000	266.04998779
545.09997559	266.45999146
545.95001221	266.86999512
546.79998779	267.27999878
547.65002441	267.69000244
548.50000000	268.10000610
549.34997559	268.51000977
550.20001221	268.92001343
551.04998779	269.32998657
551.90002441	269.73999023
552.75000000	270.14999390
553.59997559	270.55999756
554.45001221	270.97000122
555.29998779	271.38000488
556.15002441	271.79000854
557.00000000	272.20001221
557.84997559	272.60998535
558.70001221	273.01998901
559.54998779	273.42999268
560.40002441	273.83999634
561.25000000	274.25000000
562.09997559	274.66000366
562.95001221	275.07000732
563.79998779	275.48001099
564.65002441	275.89001465
565.50000000	276.29998779
566.34997559	276.70999146
567.20001221	277.11999512
568.04998779	277.52999878
568.90002441	277.94000244
569.75000000	278.35000610
570.59997559	278.76000977
571.45001221	279.17001343
572.29998779	279.57998657
573.15002441	279.98999023
574.00000000	280.39999390
574.84997559	280.80999756
575.70001221	281.22000122
576.54998779	281.63000488
577.40002441	282.04000854
578.25000000	282.45001221
579.09997559	282.85998535
579.95001221	283.26998901
580.79998779	283.67999268
581.65002441	284.08999634
582.50000000	284.50000000
583.34997559	284.91000366
584.20001221	285.32000732
585.04998779	285.73001099
585.90002441	286.14001465
586.75000000	286.54998779
587.59997559	286.95999146
586.81799316	286.82598877
585.89202881	286.64401245
584.96600342	286.46200562
584.03997803	286.27999878
583.11401367	286.09799194
582.18798828	285.91598511
581.26202393	285.73400879
580.33599854	285.55200195
579.40997314	285.36999512
578.48400879	285.18798828
577.55798340	285.00601196
576.63201904	284.82400513
575.70599365	284.64199829
574.78002930	284.45999146
573.85400391	284.27801514
572.92797852	284.09600830
572.00201416	283.91400146
571.07598877	283.73199463
570.15002441	283.54998779
569.22399902	283.36801147
568.29797363	283.18600464
568.11401367	282.04800415
567.92999268	280.91000366
567.74597168	279.77200317
567.56201172	278.63400269
567.37799072	277.49600220
567.19396973	276.35800171
567.01000977	275.22000122
566.82598877	274.08200073
566.64202881	272.94400024
566.45800781	271.80599976
566.27398682	270.66799927
566.09002686	269.52999878
565.90600586	268.39199829
565.72198486	267.25399780
565.53802490	266.11599731
565.35400391	264.97799683
565.16998291	263.83999634
564.98602295	262.70199585
564.80200195	261.56399536
564.61798096	260.42599487
564.43402100	259.28799438
564.25000000	258.14999390
564.06597900	257.01199341
563.88201904	255.87399292
563.69799805	254.73599243
563.51397705	253.59800720
563.33001709	252.46000671
563.14599609	251.32200623
562.96197510	250.18400574
562.77801514	249.04600525
562.59399414	247.90800476
562.40997314	246.77000427
562.22601318	245.63200378
562.04199219	244.49400330
561.85797119	243.35600281
561.67401123	242.21800232
561.48999023	241.08000183
561.30603027	239.94200134
561.12200928	238.80400085
560.93798828	237.66600037
560.75402832	236.52799988
560.57000732	235.38999939
560.38598633	234.25199890
560.20202637	233.11399841
560.01800537	231.97599792
559.83398438	230.83799744
559.65002441	229.69999695
559.46600342	228.56199646
559.28198242	227.42399597
559.09802246	226.28599548
558.91400146	225.14799500
558.72998047	224.00999451
558.54602051	222.87199402
558.36199951	221.73399353
558.17797852	220.59599304
557.99401855	219.45799255
557.80999756	218.32000732
557.62597656	217.18200684
557.44201660	216.04400635
557.25799561	214.90600586
557.07397461	213.76800537
556.89001465	212.63000488
556.70599365	211.49200439
556.52197266	210.35400391
556.33801270	209.21600342
556.15399170	208.07800293
555.96997070	206.94000244
555.78601074	205.80200195
555.60198975	204.66400146
555.41802979	203.52600098
555.23400879	202.38800049
555.04998779	201.25000000
554.86602783	200.11199951
554.68200684	198.97399902
554.49798584	197.83599854
554.31402588	196.69799805
554.13000488	195.55999756
553.94598389	194.42199707
553.76202393	193.28399658
553.57800293	192.14599609
553.39398193	191.00799561
553.21002197	189.86999512
553.02600098	188.73199463
552.84197998	187.59399414
552.65802002	186.45599365
552.47399902	185.31799316
552.28997803	184.17999268
552.10601807	183.04200745
551.92199707	181.90400696
551.73797607	180.76600647
551.55401611	179.62800598
551.36999512	178.49000549
551.18597412	177.35200500
551.00201416	176.21400452
550.81799316	175.07600403
550.63397217	173.93800354
550.45001221	172.80000305
550.26599121	171.66200256
550.08197021	170.52400208
549.89801025	169.38600159
549.71398926	168.24800110
549.53002930	167.11000061
549.34600830	165.97200012
549.16198730	164.83399963
548.97802734	163.69599915
548.79400635	162.55799866
548.60998535	161.41999817
548.42602539	160.28199768
548.24200439	159.14399719
548.05798340	158.00599670
547.87402344	156.86799622
547.69000244	155.72999573
547.50598145	154.59199524
547.32202148	153.45399475
547.13800049	152.31599426
546.95397949	151.17799377
546.77001953	150.03999329
546.58599854	148.90199280
546.40197754	147.76400757
546.21801758	146.62600708
546.03399658	145.48800659
545.84997559	144.35000610
545.66601563	143.21200562
545.48199463	142.07400513
545.29797363	140.93600464
545.11401367	139.79800415
544.92999268	138.66000366
544.74597168	137.52200317
544.56201172	136.38400269
544.37799072	135.24600220
544.19396973	134.10800171
544.01000977	132.97000122
543.82598877	131.83200073
543.64202881	130.69400024
543.45800781	129.55599976
543.27398682	128.41799927
543.09002686	127.27999878
542.90600586	126.14199829
542.72198486	125.00399780
542.53802490	123.86599731
542.35400391	122.72799683
542.16998291	121.58999634
541.98602295	120.45200348
541.80200195	119.31400299
541.61798096	118.17600250
541.43402100	117.03800201
541.25000000	115.90000153
541.06597900	114.76200104
540.88201904	113.62400055
540.69799805	112.48600006
540.51397705	111.34799957
540.33001709	110.20999908
540.14599609	109.07199860
539.96197510	107.93399811
539.77801514	106.79599762
539.59399414	105.65799713
539.40997314	104.51999664
539.22601318	103.38200378
539.04199219	102.24400330
538.85797119	101.10600281
538.67401123	99.96800232
538.48999023	98.83000183
538.30603027	97.69200134
538.12200928	96.55400085
537.93798828	95.41600037
537.75402832	94.27799988
537.57000732	93.13999939
537.38598633	92.00199890
537.20202637	90.86399841
537.01800537	89.72599792
536.83398438	88.58799744
536.65002441	87.44999695
536.46600342	86.31199646
536.28198242	85.17400360
536.09802246	84.03600311
535.91400146	82.89800262
535.72998047	81.76000214
535.54602051	80.62200165
535.36199951	79.48400116
535.17797852	78.34600067
534.99401855	77.20800018
534.80999756	76.06999969
534.62597656	74.93199921
534.44201660	73.79399872
534.25799561	72.65599823
534.07397461	71.51799774
533.89001465	70.37999725
533.70599365	69.24199677
533.52197266	68.10399628
533.33801270	66.96600342
533.15399170	65.82800293
532.96997070	64.69000244
532.78601074	63.55199814
532.60198975	62.41400146
532.41802979	61.27600098
532.23400879	60.13800049
532.04998779	59.00000000
531.86602783	57.86199951
531.68200684	56.72399902
531.49798584	55.58599854
531.31402588	54.44800186
531.13000488	53.31000137
530.94598389	52.17200089
530.76202393	51.03400040
530.57800293	49.89599991
530.39398193	48.75799942
530.21002197	47.61999893
530.02600098	46.48199844
529.84197998	45.34400177
529.65802002	44.20600128
529.47399902	43.06800079
529.28997803	41.93000031
529.10601807	40.79199982
528.92199707	39.65399933
528.73797607	38.51599884
528.55401611	37.37799835
528.36999512	36.24000168
528.18597412	35.10200119
528.00201416	33.96400070
527.81799316	32.82600021
527.63397217	31.68799973
527.45001221	30.54999924
527.26599121	29.41200066
527.08197021	28.27400017
526.89801025	27.13599968
526.71398926	25.99799919
526.53002930	24.86000061
526.34600830	23.72200012
526.16198730	22.58399963
525.97802734	21.44599915
525.79400635	20.30800056
525.60998535	19.17000008
525.42602539	18.03199959
525.24200439	16.89399910
525.05798340	15.75599957
524.87402344	14.61800003
524.69000244	13.47999954
524.50598145	12.34200001
524.32202148	11.20400047
524.13800049	10.06599998
523.95397949	8.92800045
523.77001953	7.78999996
523.58599854	6.65199995
523.40197754	5.51399994
523.21801758	4.37599993
523.03399658	3.23799992
522.84997559	2.09999990
522.66601563	0.96200001
522.48199463	-0.17600000
522.29797363	-1.31400001
522.11401367	-2.45199990
521.92999268	-3.58999991
521.74597168	-4.72800016
521.56201172	-5.86600018
521.37799072	-7.00400019
521.19396973	-8.14200020
521.01000977	-9.27999973
520.82598877	-10.41800022
520.64202881	-11.55599976
520.45800781	-12.69400024
520.27398682	-13.83199978
520.09002686	-14.97000027
519.90600586	-16.10799980
519.72198486	-17.24600029
519.53802490	-18.38400078
519.35400391	-19.52199936
519.16998291	-20.65999985
518.98602295	-21.79800034
518.80200195	-22.93600082
518.61798096	-24.07399940
518.43402100	-25.21199989
518.25000000	-26.35000038
518.06597900	-27.48800087
517.88201904	-28.62599945
517.69799805	-29.76399994
517.51397705	-30.90200043
517.33001709	-32.04000092
517.14599609	-33.17800140
516.96197510	-34.31600189
516.77801514	-35.45399857
516.59399414	-36.59199905
516.40997314	-37.72999954
516.22601318	-38.86800003
516.04199219	-40.00600052
515.85797119	-41.14400101
515.67401123	-42.28200150
515.48999023	-43.41999817
515.30603027	-44.55799866
515.12200928	-45.69599915
514.93798828	-46.83399963
514.75402832	-47.97200012
514.57000732	-49.11000061
514.38598633	-50.24800110
514.20202637	-51.38600159
514.01800537	-52.52399826
513.83398438	-53.66199875
513.65002441	-54.79999924
513.46600342	-55.93799973
513.28198242	-57.07600021
513.09802246	-58.21400070
512.91400146	-59.35200119
512.72998047	-60.49000168
512.54602051	-61.62799835
512.36199951	-62.76599884
512.17797852	-63.90399933
511.99398804	-65.04199982
511.80999756	-66.18000031
511.62600708	-67.31800079
511.44198608	-68.45600128
511.25799561	-69.59400177
511.07400513	-70.73200226
510.89001465	-71.87000275
510.70599365	-73.00800323
510.52200317	-74.14600372
510.33801270	-75.28399658
510.15399170	-76.42199707
509.97000122	-77.55999756
509.78601074	-78.69799805
509.60198975	-79.83599854
509.41799927	-80.97399902
509.23400879	-82.11199951
509.04998779	-83.25000000
508.86599731	-84.38800049
508.68200684	-85.52600098
508.49798584	-86.66400146
508.31399536	-87.80200195
508.13000488	-88.94000244
507.94601440	-90.07800293
507.76199341	-91.21600342
507.57800293	-92.35399628
507.39401245	-93.49199677
507.20999146	-94.62999725
507.02600098	-95.76799774
506.84201050	-96.90599823
506.65798950	-98.04399872
506.47399902	-99.18199921
506.29000854	-100.31999969
506.10598755	-101.45800018
505.92199707	-102.59600067
505.73800659	-103.73400116
505.55398560	-104.87200165
505.36999512	-106.01000214
505.18600464	-107.14800262
505.00201416	-108.28600311
504.81799316	-109.42400360
504.63400269	-110.56199646
504.45001221	-111.69999695
504.26599121	-112.83799744
504.08200073	-113.97599792
503.89801025	-115.11399841
503.71398926	-116.25199890
503.52999878	-117.38999939
503.34600830	-118.52799988
503.16198730	-119.66600037
502.97799683	-120.80400085
502.79400635	-121.94200134
502.60998535	-123.08000183
502.42599487	-124.21800232
502.24200439	-125.35600281
502.05801392	-126.49400330
501.87399292	-127.63200378
501.69000244	-128.77000427
501.50601196	-129.90800476
501.32199097	-131.04600525
501.13800049	-132.18400574
500.95401001	-133.32200623
500.76998901	-134.46000671
500.58599854	-135.59800720
500.40200806	-136.73599243
500.21798706	-137.87399292
500.03399658	-139.01199341
499.85000610	-140.14999390
499.66598511	-141.28799438
499.48199463	-142.42599487
499.29800415	-143.56399536
499.11401367	-144.70199585
498.92999268	-145.83999634
498.74600220	-146.97799683
498.56201172	-148.11599731
498.37799072	-149.25399780
498.19400024	-150.39199829
498.01000977	-151.52999878
497.82598877	-152.66799927
497.64199829	-153.80599976
497.45800781	-154.94400024
497.27398682	-156.08200073
497.08999634	-157.22000122
496.90600586	-158.35800171
496.72198486	-159.49600220
496.53799438	-160.63400269
496.35400391	-161.77200317
496.17001343	-162.91000366
495.98599243	-164.04800415
495.80200195	-165.18600464
495.61801147	-166.32400513
495.43399048	-167.46200562
495.25000000	-168.60000610
495.06600952	-169.73800659
494.88198853	-170.87600708
494.69799805	-172.01400757
494.51400757	-173.15199280
494.32998657	-174.28999329
494.14599609	-175.42799377
493.96200562	-176.56599426
493.77801514	-177.70399475
493.59399414	-178.84199524
493.41000366	-179.97999573
493.22601318	-181.11799622
493.04199219	-182.25599670
492.85800171	-183.39399719
492.67401123	-184.53199768
492.48999023	-185.66999817
492.30599976	-186.80799866
492.12200928	-187.94599915
491.93798828	-189.08399963
491.75399780	-190.22200012
491.57000732	-191.36000061
491.38598633	-192.49800110
491.20199585	-193.63600159
491.01800537	-194.77400208
490.83401489	-195.91200256
490.64999390	-197.05000305
490.46600342	-198.18800354
490.28201294	-199.32600403
490.09799194	-200.46400452
489.91400146	-201.60200500
489.73001099	-202.74000549
489.54598999	-203.87800598
489.36199951	-205.01600647
489.17800903	-206.15400696
488.99398804	-207.29200745
488.80999756	-208.42999268
488.62600708	-209.56799316
488.44198608	-210.70599365
488.25799561	-211.84399414
488.07400513	-212.98199463
487.89001465	-214.11999512
487.70599365	-215.25799561
487.52200317	-216.39599609
487.33801270	-217.53399658
487.15399170	-218.67199707
486.97000122	-219.80999756
486.78601074	-220.94799805
486.60198975	-222.08599854
486.41799927	-223.22399902
486.23400879	-224.36199951
486.04998779	-225.50000000
485.86599731	-226.63800049
485.68200684	-227.77600098
485.49798584	-228.91400146
485.31399536	-230.05200195
485.13000488	-231.19000244
484.94601440	-232.32800293
484.76199341	-233.46600342
484.57800293	-234.60400391
484.39401245	-235.74200439
484.20999146	-236.88000488
484.02600098	-238.01800537
483.84201050	-239.15600586
483.65798950	-240.29400635
483.47399902	-241.43200684
483.29000854	-242.57000732
483.10598755	-243.70799255
482.92199707	-244.84599304
482.73800659	-245.98399353
482.55398560	-247.12199402
482.36999512	-248.25999451
482.18600464	-249.39799500
482.00201416	-250.53599548
481.81799316	-251.67399597
481.63400269	-252.81199646
481.45001221	-253.94999695
481.26599121	-255.08799744
481.08200073	-256.22601318
480.89801025	-257.36401367
480.71398926	-258.50201416
480.52999878	-259.64001465
480.34600830	-260.77801514
480.16198730	-261.91598511
479.97799683	-263.05398560
479.79400635	-264.19198608
479.60998535	-265.32998657
479.42599487	-266.46798706
479.24200439	-267.60598755
479.05801392	-268.74398804
478.87399292	-269.88198853
478.69000244	-271.01998901
478.50601196	-272.15798950
478.32199097	-273.29598999
478.13800049	-274.43399048
477.95401001	-275.57199097
477.76998901	-276.70999146
477.58599854	-277.84799194
477.40200806	-278.98599243
477.21798706	-280.12399292
477.03399658	-281.26199341
476.85000610	-282.39999390
476.66598511	-283.53799438
476.48199463	-284.67599487
476.29800415	-285.81399536
476.11401367	-286.95199585
475.92999268	-288.08999634
475.74600220	-289.22799683
475.56201172	-290.36599731
475.37799072	-291.50399780
475.19400024	-292.64199829
475.01000977	-293.77999878
474.82598877	-294.91799927
474.64199829	-296.05599976
474.45800781	-297.19400024
474.27398682	-298.33200073
474.08999634	-299.47000122
473.90600586	-300.60800171
473.72198486	-301.74600220
473.53799438	-302.88400269
473.35400391	-304.02200317
473.17001343	-305.16000366
472.98599243	-306.29800415
472.80200195	-307.43600464
472.61801147	-308.57400513
472.43399048	-309.71200562
472.25000000	-310.85000610
200.00000000	100.00000000
200.80000305	100.33000183
201.60000610	100.66000366
202.39999390	100.98999786
203.19999695	101.31999969
204.00000000	101.65000153
204.80000305	101.98000336
205.60000610	102.30999756
206.39999390	102.63999939
207.19999695	102.97000122
208.00000000	103.30000305
208.80000305	103.62999725
209.60000610	103.95999908
210.39999390	104.29000092
211.19999695	104.62000275
212.00000000	104.94999695
212.80000305	105.27999878
213.60000610	105.61000061
214.39999390	105.94000244
215.19999695	106.26999664
216.00000000	106.59999847
216.80000305	106.93000031
217.60000610	107.26000214
218.39999390	107.58999634
219.19999695	107.91999817
220.00000000	108.25000000
220.80000305	108.58000183
221.60000610	108.91000366
222.39999390	109.23999786
223.19999695	109.56999969
224.00000000	109.90000153
224.80000305	110.23000336
225.60000610	110.55999756
226.39999390	110.88999939
227.19999695	111.22000122
228.00000000	111.55000305
228.80000305	111.87999725
229.60000610	112.20999908
230.39999390	112.54000092
231.19999695	112.87000275
232.00000000	113.19999695
232.80000305	113.52999878
233.60000610	113.86000061
234.39999390	114.19000244
235.19999695	114.51999664
236.00000000	114.84999847
236.80000305	115.18000031
237.60000610	115.51000214
238.39999390	115.83999634
239.19999695	116.16999817
240.00000000	116.50000000
240.80000305	116.83000183
241.60000610	117.16000366
242.39999390	117.48999786
243.19999695	117.81999969
244.00000000	118.15000153
244.80000305	118.48000336
245.60000610	118.80999756
246.39999390	119.13999939
247.19999695	119.47000122
248.00000000	119.80000305
248.80000305	120.12999725
249.60000610	120.45999908
250.39999390	120.79000092
251.19999695	121.12000275
252.00000000	121.44999695
252.80000305	121.77999878
253.60000610	122.11000061
254.39999390	122.44000244
255.19999695	122.76999664
256.00000000	123.09999847
256.79998779	123.43000031
257.60000610	123.76000214
258.39999390	124.08999634
259.20001221	124.41999817
260.00000000	124.75000000
260.79998779	125.08000183
261.60000610	125.41000366
262.39999390	125.73999786
263.20001221	126.06999969
264.00000000	126.40000153
264.79998779	126.73000336
265.60000610	127.05999756
266.39999390	127.38999939
267.20001221	127.72000122
268.00000000	128.05000305
268.79998779	128.38000488
269.60000610	128.71000671
270.39999390	129.03999329
271.20001221	129.36999512
272.00000000	129.69999695
272.79998779	130.02999878
273.60000610	130.36000061
274.39999390	130.69000244
275.20001221	131.02000427
276.00000000	131.35000610
276.79998779	131.67999268
277.60000610	132.00999451
278.39999390	132.33999634
279.20001221	132.66999817
280.00000000	133.00000000
280.79998779	133.33000183
281.60000610	133.66000366
282.39999390	133.99000549
283.20001221	134.32000732
284.00000000	134.64999390
284.79998779	134.97999573
285.60000610	135.30999756
286.39999390	135.63999939
287.20001221	135.97000122
288.00000000	136.30000305
288.79998779	136.63000488
289.60000610	136.96000671
290.39999390	137.28999329
291.20001221	137.61999512
292.00000000	137.94999695
292.79998779	138.27999878
293.60000610	138.61000061
294.39999390	138.94000244
295.20001221	139.27000427
296.00000000	139.60000610
296.79998779	139.92999268
297.60000610	140.25999451
298.39999390	140.58999634
299.20001221	140.91999817
300.00000000	141.25000000
300.79998779	141.58000183
301.60000610	141.91000366
302.39999390	142.24000549
303.20001221	142.57000732
304.00000000	142.89999390
304.79998779	143.22999573
305.60000610	143.55999756
306.39999390	143.88999939
307.20001221	144.22000122
308.00000000	144.55000305
308.79998779	144.88000488
309.60000610	145.21000671
310.39999390	145.53999329
311.20001221	145.86999512
312.00000000	146.19999695
312.79998779	146.52999878
313.60000610	146.86000061
314.39999390	147.19000244
315.20001221	147.52000427
316.00000000	147.85000610
316.79998779	148.17999268
317.60000610	148.50999451
318.39999390	148.83999634
319.20001221	149.16999817
320.00000000	149.50000000
320.79998779	149.83000183
321.60000610	150.16000366
322.39999390	150.49000549
323.20001221	150.82000732
324.00000000	151.14999390
324.79998779	151.47999573
325.60000610	151.80999756
326.39999390	152.13999939
327.20001221	152.47000122
328.00000000	152.80000305
328.79998779	153.13000488
329.60000610	153.46000671
330.39999390	153.78999329
331.20001221	154.11999512
332.00000000	154.44999695
332.79998779	154.77999878
333.60000610	155.11000061
334.39999390	155.44000244
335.20001221	155.77000427
336.00000000	156.10000610
336.79998779	156.42999268
337.60000610	156.75999451
338.39999390	157.08999634
339.20001221	157.41999817
340.00000000	157.75000000
340.79998779	158.08000183
341.60000610	158.41000366
342.39999390	158.74000549
343.20001221	159.07000732
344.00000000	159.39999390
344.79998779	159.72999573
345.60000610	160.05999756
346.39999390	160.38999939
347.20001221	160.72000122
348.00000000	161.05000305
348.79998779	161.38000488
349.60000610	161.71000671
350.39999390	162.03999329
351.20001221	162.36999512
352.00000000	162.69999695
352.79998779	163.02999878
353.60000610	163.36000061
354.39999390	163.69000244
355.20001221	164.02000427
356.00000000	164.35000610
356.79998779	164.67999268
357.60000610	165.00999451
358.39999390	165.33999634
359.20001221	165.66999817
360.00000000	166.00000000
360.79998779	166.33000183
361.60000610	166.66000366
362.39999390	166.99000549
363.20001221	167.32000732
364.00000000	167.64999390
364.79998779	167.97999573
365.60000610	168.30999756
366.39999390	168.63999939
367.20001221	168.97000122
368.00000000	169.30000305
368.79998779	169.63000488
369.60000610	169.96000671
370.39999390	170.28999329
371.20001221	170.61999512
372.00000000	170.94999695
372.79998779	171.27999878
373.60000610	171.61000061
374.39999390	171.94000244
375.20001221	172.27000427
376.00000000	172.60000610
376.79998779	172.92999268
377.60000610	173.25999451
378.39999390	173.58999634
379.20001221	173.91999817
380.00000000	174.25000000
380.79998779	174.58000183
381.60000610	174.91000366
382.39999390	175.24000549
383.20001221	175.57000732
384.00000000	175.89999390
384.79998779	176.22999573
385.60000610	176.55999756
386.39999390	176.88999939
387.20001221	177.22000122
388.00000000	177.55000305
388.79998779	177.88000488
389.60000610	178.21000671
390.39999390	178.53999329
391.20001221	178.86999512
392.00000000	179.19999695
392.79998779	179.52999878
393.60000610	179.86000061
394.39999390	180.19000244
395.20001221	180.52000427
396.00000000	180.85000610
396.79998779	181.17999268
397.60000610	181.50999451
398.39999390	181.83999634
399.20001221	182.16999817
400.00000000	182.50000000
400.79998779	182.83000183
401.60000610	183.16000366
402.39999390	183.49000549
403.20001221	183.82000732
404.00000000	184.14999390
404.79998779	184.47999573
405.60000610	184.80999756
406.39999390	185.13999939
407.20001221	185.47000122
408.00000000	185.80000305
408.79998779	186.13000488
409.60000610	186.46000671
410.39999390	186.78999329
411.20001221	187.11999512
412.00000000	187.44999695
412.79998779	187.77999878
413.60000610	188.11000061
414.39999390	188.44000244
415.20001221	188.77000427
416.00000000	189.10000610
416.79998779	189.42999268
417.60000610	189.75999451
418.39999390	190.08999634
419.20001221	190.41999817
420.00000000	190.75000000
420.79998779	191.08000183
421.60000610	191.41000366
422.39999390	191.74000549
423.20001221	192.07000732
424.00000000	192.39999390
424.79998779	192.72999573
425.60000610	193.05999756
426.39999390	193.38999939
427.20001221	193.72000122
428.00000000	194.05000305
428.79998779	194.38000488
429.60000610	194.71000671
430.39999390	195.03999329
431.20001221	195.36999512
432.00000000	195.69999695
432.79998779	196.02999878
433.60000610	196.36000061
434.39999390	196.69000244
435.20001221	197.02000427
436.00000000	197.35000610
436.79998779	197.67999268
437.60000610	198.00999451
438.39999390	198.33999634
439.20001221	198.66999817
440.00000000	199.00000000
440.79998779	199.33000183
441.60000610	199.66000366
442.39999390	199.99000549
443.20001221	200.32000732
444.00000000	200.64999390
444.79998779	200.97999573
445.60000610	201.30999756
446.39999390	201.63999939
447.20001221	201.97000122
448.00000000	202.30000305
448.79998779	202.63000488
449.60000610	202.96000671
450.39999390	203.28999329
451.20001221	203.61999512
452.00000000	203.94999695
452.79998779	204.27999878
453.60000610	204.61000061
454.39999390	204.94000244
455.20001221	205.27000427
456.00000000	205.60000610
456.79998779	205.92999268
457.60000610	206.25999451
458.39999390	206.58999634
459.20001221	206.91999817
460.00000000	207.25000000
460.79998779	207.58000183
461.60000610	207.91000366
462.39999390	208.24000549
463.20001221	208.57000732
464.00000000	208.89999390
464.79998779	209.22999573
465.60000610	209.55999756
466.39999390	209.88999939
467.20001221	210.22000122
468.00000000	210.55000305
468.79998779	210.88000488
469.60000610	211.21000671
470.39999390	211.53999329
471.20001221	211.86999512
472.00000000	212.19999695
472.79998779	212.52999878
473.60000610	212.86000061
474.39999390	213.19000244
475.20001221	213.52000427
476.00000000	213.85000610
476.79998779	214.17999268
477.60000610	214.50999451
478.39999390	214.83999634
479.20001221	215.16999817
480.00000000	215.50000000
480.79998779	215.83000183
481.60000610	216.16000366
482.39999390	216.49000549
483.20001221	216.82000732
484.00000000	217.14999390
484.79998779	217.47999573
485.60000610	217.80999756
486.39999390	218.13999939
487.20001221	218.47000122
488.00000000	218.80000305
488.79998779	219.13000488
489.60000610	219.46000671
490.39999390	219.78999329
491.20001221	220.11999512
492.00000000	220.44999695
492.79998779	220.77999878
493.60000610	221.11000061
494.39999390	221.44000244
495.20001221	221.77000427
496.00000000	222.10000610
496.79998779	222.42999268
497.60000610	222.75999451
498.39999390	223.08999634
499.20001221	223.41999817
500.00000000	223.75000000
500.79998779	224.08000183
501.60000610	224.41000366
502.39999390	224.74000549
503.20001221	225.07000732
504.00000000	225.39999390
504.79998779	225.72999573
505.60000610	226.05999756
506.39999390	226.38999939
507.20001221	226.72000122
508.00000000	227.05000305
508.79998779	227.38000488
509.60000610	227.71000671
510.39999390	228.03999329
511.20001221	228.36999512
512.00000000	228.69999695
512.79998779	229.02999878
513.59997559	229.36000061
514.40002441	229.69000244
515.20001221	230.02000427
516.00000000	230.35000610
516.79998779	230.67999268
517.59997559	231.00999451
518.40002441	231.33999634
519.20001221	231.66999817
520.00000000	232.00000000
520.79998779	232.33000183
521.59997559	232.66000366
522.40002441	232.99000549
523.20001221	233.32000732
524.00000000	233.64999390
524.79998779	233.97999573
525.59997559	234.30999756
526.40002441	234.63999939
527.20001221	234.97000122
528.00000000	235.30000305
528.79998779	235.63000488
529.59997559	235.96000671
530.40002441	236.28999329
531.20001221	236.61999512
532.00000000	236.94999695
532.79998779	237.27999878
533.59997559	237.61000061
534.40002441	237.94000244
535.20001221	238.27000427
536.00000000	238.60000610
536.79998779	238.92999268
537.59997559	239.25999451
538.40002441	239.58999634
539.20001221	239.91999817
540.00000000	240.25000000
540.79998779	240.58000183
541.59997559	240.91000366
542.40002441	241.24000549
543.20001221	241.57000732
544.00000000	241.89999390
544.79998779	242.22999573
545.59997559	242.55999756
546.40002441	242.88999939
547.20001221	243.22000122
548.00000000	243.55000305
548.79998779	243.88000488
549.59997559	244.21000671
550.40002441	244.53999329
551.20001221	244.86999512
552.00000000	245.19999695
552.79998779	245.52999878
553.59997559	245.86000061
554.40002441	246.19000244
555.20001221	246.52000427
556.00000000	246.85000610
556.79998779	247.17999268
557.59997559	247.50999451
558.40002441	247.83999634
559.20001221	248.16999817
560.00000000	248.50000000
560.79998779	248.83000183
561.59997559	249.16000366
562.40002441	249.49000549
563.20001221	249.82000732
564.00000000	250.14999390
564.79998779	250.47999573
565.59997559	250.80999756
566.40002441	251.13999939
567.20001221	251.47000122
568.00000000	251.80000305
568.79998779	252.13000488
569.59997559	252.46000671
570.40002441	252.78999329
571.20001221	253.11999512
572.00000000	253.44999695
572.79998779	253.77999878
573.59997559	254.11000061
574.40002441	254.44000244
575.20001221	254.77000427
576.00000000	255.10000610
576.79998779	255.42999268
577.59997559	255.75999451
578.40002441	256.08999634
579.20001221	256.42001343
580.00000000	256.75000000
580.79998779	257.07998657
581.59997559	257.41000366
582.40002441	257.73999023
583.20001221	258.07000732
584.00000000	258.39999390
584.79998779	258.73001099
585.59997559	259.05999756
586.40002441	259.39001465
587.20001221	259.72000122
588.00000000	260.04998779
588.79998779	260.38000488
589.59997559	260.70999146
590.40002441	261.04000854
591.20001221	261.36999512
592.00000000	261.70001221
592.79998779	262.02999878
593.59997559	262.35998535
594.40002441	262.69000244
595.20001221	263.01998901
595.19000244	263.07998657
594.35198975	262.86401367
593.51397705	262.64801025
592.67602539	262.43200684
591.83801270	262.21600342
591.00000000	262.00000000
590.16198730	261.78399658
589.32397461	261.56799316
588.48602295	261.35198975
587.64801025	261.13598633
586.80999756	260.92001343
585.97198486	260.70401001
585.13397217	260.48800659
584.29602051	260.27200317
583.45800781	260.05599976
582.61999512	259.83999634
581.78198242	259.62399292
580.94396973	259.40798950
580.10601807	259.19198608
579.26800537	258.97601318
578.42999268	258.76000977
577.59197998	258.54400635
576.75402832	258.32800293
575.91601563	258.11199951
575.07800293	257.89599609
574.23999023	257.67999268
573.40197754	257.46398926
572.56402588	257.24798584
571.72601318	257.03201294
570.88800049	256.81600952
570.04998779	256.60000610
569.21197510	256.38400269
568.37402344	256.16799927
567.53601074	255.95199585
566.69799805	255.73599243
565.85998535	255.52000427
565.02197266	255.30400085
564.18402100	255.08799744
563.34600830	254.87199402
562.50799561	254.65600586
561.66998291	254.44000244
560.83197021	254.22399902
559.99401855	254.00799561
559.15600586	253.79200745
558.31799316	253.57600403
557.47998047	253.36000061
556.64202881	253.14399719
555.80401611	252.92799377
554.96600342	252.71200562
554.12799072	252.49600220
553.28997803	252.27999878
552.45202637	252.06399536
551.61401367	251.84800720
550.77600098	251.63200378
549.93798828	251.41600037
549.09997559	251.19999695
548.26202393	250.98399353
547.42401123	250.76800537
546.58599854	250.55200195
545.74798584	250.33599854
544.90997314	250.11999512
544.07202148	249.90400696
543.23400879	249.68800354
542.39599609	249.47200012
541.55798340	249.25599670
540.71997070	249.03999329
539.88201904	248.82400513
539.04400635	248.60800171
538.20599365	248.39199829
537.36798096	248.17599487
536.53002930	247.96000671
535.69201660	247.74400330
534.85400391	247.52799988
534.01599121	247.31199646
533.17797852	247.09599304
532.34002686	246.88000488
531.50201416	246.66400146
530.66400146	246.44799805
529.82598877	246.23199463
528.98797607	246.01600647
528.15002441	245.80000305
527.31201172	245.58399963
526.47399902	245.36799622
525.63598633	245.15199280
524.79797363	244.93600464
523.96002197	244.72000122
523.12200928	244.50399780
522.28399658	244.28799438
521.44598389	244.07200623
520.60797119	243.85600281
519.77001953	243.63999939
518.93200684	243.42399597
518.09399414	243.20799255
517.25598145	242.99200439
516.41802979	242.77600098
515.58001709	242.55999756
514.74200439	242.34399414
513.90399170	242.12800598
513.06597900	241.91200256
512.22802734	241.69599915
511.39001465	241.47999573
510.55200195	241.26400757
509.71398926	241.04800415
508.87600708	240.83200073
508.03799438	240.61599731
507.20001221	240.39999390
506.36199951	240.18400574
505.52398682	239.96800232
504.68600464	239.75199890
503.84799194	239.53599548
503.01000977	239.32000732
502.17199707	239.10400391
501.33401489	238.88800049
500.49600220	238.67199707
499.65798950	238.45599365
498.82000732	238.24000549
497.98199463	238.02400208
497.14401245	237.80799866
496.30599976	237.59199524
495.46798706	237.37600708
494.63000488	237.16000366
493.79199219	236.94400024
492.95401001	236.72799683
492.11599731	236.51199341
491.27801514	236.29600525
490.44000244	236.08000183
489.60198975	235.86399841
488.76400757	235.64799500
487.92599487	235.43200684
487.08801270	235.21600342
486.25000000	235.00000000
485.41198730	234.78399658
484.57400513	234.56799316
483.73599243	234.35200500
482.89801025	234.13600159
482.05999756	233.91999817
481.22198486	233.70399475
480.38400269	233.48800659
479.54598999	233.27200317
478.70800781	233.05599976
477.86999512	232.83999634
477.03201294	232.62399292
476.19400024	232.40800476
475.35598755	232.19200134
474.51800537	231.97599792
473.67999268	231.75999451
472.84201050	231.54400635
472.00399780	231.32800293
471.16598511	231.11199951
470.32800293	230.89599609
469.48999023	230.67999268
468.65200806	230.46400452
467.81399536	230.24800110
466.97601318	230.03199768
466.13800049	229.81599426
465.29998779	229.60000610
464.46200562	229.38400269
463.62399292	229.16799927
462.78601074	228.95199585
461.94799805	228.73599243
461.10998535	228.52000427
460.27200317	228.30400085
459.43399048	228.08799744
458.59600830	227.87199402
457.75799561	227.65600586
456.92001343	227.44000244
456.08200073	227.22399902
455.24398804	227.00799561
454.40600586	226.79200745
453.56799316	226.57600403
452.73001099	226.36000061
451.89199829	226.14399719
451.05398560	225.92799377
450.21600342	225.71200562
449.37799072	225.49600220
448.54000854	225.27999878
447.70199585	225.06399536
446.86401367	224.84800720
446.02600098	224.63200378
445.18798828	224.41600037
444.35000610	224.19999695
443.51199341	223.98399353
442.67401123	223.76800537
441.83599854	223.55200195
440.99798584	223.33599854
440.16000366	223.11999512
439.32199097	222.90400696
438.48400879	222.68800354
437.64599609	222.47200012
436.80801392	222.25599670
435.97000122	222.03999329
435.13198853	221.82400513
434.29400635	221.60800171
433.45599365	221.39199829
432.61801147	221.17599487
431.77999878	220.96000671
430.94198608	220.74400330
430.10400391	220.52799988
429.26599121	220.31199646
428.42800903	220.09599304
427.58999634	219.88000488
426.75201416	219.66400146
425.91400146	219.44799805
425.07598877	219.23199463
424.23800659	219.01600647
423.39999390	218.80000305
422.56201172	218.58399963
421.72399902	218.36799622
420.88598633	218.15199280
420.04800415	217.93600464
419.20999146	217.72000122
418.37200928	217.50399780
417.53399658	217.28799438
416.69601440	217.07200623
415.85800171	216.85600281
415.01998901	216.63999939
414.18200684	216.42399597
413.34399414	216.20799255
412.50601196	215.99200439
411.66799927	215.77600098
410.82998657	215.55999756
409.99200439	215.34399414
409.15399170	215.12800598
408.31600952	214.91200256
407.47799683	214.69599915
406.64001465	214.47999573
405.80200195	214.26400757
404.96398926	214.04800415
404.12600708	213.83200073
403.28799438	213.61599731
402.45001221	213.39999390
401.61199951	213.18400574
400.77398682	212.96800232
399.93600464	212.75199890
399.09799194	212.53599548
398.26000977	212.32000732
397.42199707	212.10400391
396.58401489	211.88800049
395.74600220	211.67199707
394.90798950	211.45599365
394.07000732	211.24000549
393.23199463	211.02400208
392.39401245	210.80799866
391.55599976	210.59199524
390.71798706	210.37600708
389.88000488	210.16000366
389.04199219	209.94400024
388.20401001	209.72799683
387.36599731	209.51199341
386.52801514	209.29600525
385.69000244	209.08000183
384.85198975	208.86399841
384.01400757	208.64799500
383.17599487	208.43200684
382.33801270	208.21600342
381.50000000	208.00000000
380.66198730	207.78399658
379.82400513	207.56799316
378.98599243	207.35200500
378.14801025	207.13600159
377.30999756	206.91999817
376.47198486	206.70399475
375.63400269	206.48800659
374.79598999	206.27200317
373.95800781	206.05599976
373.11999512	205.83999634
372.28201294	205.62399292
371.44400024	205.40800476
370.60598755	205.19200134
369.76800537	204.97599792
368.92999268	204.75999451
368.09201050	204.54400635
367.25399780	204.32800293
366.41598511	204.11199951
365.57800293	203.89599609
364.73999023	203.67999268
363.90200806	203.46400452
363.06399536	203.24800110
362.22601318	203.03199768
361.38800049	202.81599426
360.54998779	202.60000610
359.71200562	202.38400269
358.87399292	202.16799927
358.03601074	201.95199585
357.19799805	201.73599243
356.35998535	201.52000427
355.52200317	201.30400085
354.68399048	201.08799744
353.84600830	200.87199402
353.00799561	200.65600586
352.17001343	200.44000244
351.33200073	200.22399902
350.49398804	200.00799561
349.65600586	199.79200745
348.81799316	199.57600403
347.98001099	199.36000061
347.14199829	199.14399719
346.30398560	198.92799377
345.46600342	198.71200562
344.62799072	198.49600220
343.79000854	198.27999878
342.95199585	198.06399536
342.11401367	197.84800720
341.27600098	197.63200378
340.43798828	197.41600037
339.60000610	197.19999695
338.76199341	196.98399353
337.92401123	196.76800537
337.08599854	196.55200195
336.24798584	196.33599854
335.41000366	196.11999512
334.57199097	195.90400696
333.73400879	195.68800354
332.89599609	195.47200012
332.05801392	195.25599670
331.22000122	195.03999329
330.38198853	194.82400513
329.54400635	194.60800171
328.70599365	194.39199829
327.86801147	194.17599487
327.02999878	193.96000671
326.19198608	193.74400330
325.35400391	193.52799988
324.51599121	193.31199646
323.67800903	193.09599304
322.83999634	192.88000488
322.00201416	192.66400146
321.16400146	192.44799805
320.32598877	192.23199463
319.48800659	192.01600647
318.64999390	191.80000305
317.81201172	191.58399963
316.97399902	191.36799622
316.13598633	191.15199280
315.29800415	190.93600464
314.45999146	190.72000122
313.62200928	190.50399780
312.78399658	190.28799438
311.94601440	190.07200623
311.10800171	189.85600281
310.26998901	189.63999939
309.43200684	189.42399597
308.59399414	189.20799255
307.75601196	188.99200439
306.91799927	188.77600098
306.07998657	188.55999756
305.24200439	188.34399414
304.40399170	188.12800598
303.56600952	187.91200256
302.72799683	187.69599915
301.89001465	187.47999573
301.05200195	187.26400757
300.21398926	187.04800415
299.37600708	186.83200073
298.53799438	186.61599731
297.70001221	186.39999390
296.86199951	186.18400574
296.02398682	185.96800232
295.18600464	185.75199890
294.34799194	185.53599548
293.51000977	185.32000732
292.67199707	185.10400391
291.83401489	184.88800049
290.99600220	184.67199707
290.15798950	184.45599365
289.32000732	184.24000549
288.48199463	184.02400208
287.64401245	183.80799866
286.80599976	183.59199524
285.96798706	183.37600708
285.13000488	183.16000366
284.29199219	182.94400024
283.45401001	182.72799683
282.61599731	182.51199341
281.77801514	182.29600525
280.94000244	182.08000183
280.10198975	181.86399841
279.26400757	181.64799500
278.42599487	181.43200684
277.58801270	181.21600342
276.75000000	181.00000000
275.91198730	180.78399658
275.07400513	180.56799316
274.23599243	180.35200500
273.39801025	180.13600159
272.55999756	179.91999817
271.72198486	179.70399475
270.88400269	179.48800659
270.04598999	179.27200317
269.20800781	179.05599976
268.36999512	178.83999634
267.53201294	178.62399292
266.69400024	178.40800476
265.85598755	178.19200134
265.01800537	177.97599792
264.17999268	177.75999451
263.34201050	177.54400635
262.50399780	177.32800293
261.66598511	177.11199951
260.82800293	176.89599609
259.98999023	176.67999268
259.15200806	176.46400452
258.31399536	176.24800110
257.47601318	176.03199768
256.63800049	175.81599426
255.80000305	175.60000610
254.96200562	175.38400269
254.12399292	175.16799927
253.28599548	174.95199585
252.44799805	174.73599243
251.61000061	174.52000427
250.77200317	174.30400085
249.93400574	174.08799744
249.09599304	173.87199402
248.25799561	173.65600586
247.41999817	173.44000244
246.58200073	173.22399902
245.74400330	173.00799561
244.90600586	172.79200745
244.06799316	172.57600403
243.22999573	172.36000061
242.39199829	172.14399719
241.55400085	171.92799377
240.71600342	171.71200562
239.87800598	171.49600220
239.03999329	171.27999878
238.20199585	171.06399536
237.36399841	170.84800720
236.52600098	170.63200378
235.68800354	170.41600037
234.85000610	170.19999695
234.01199341	169.98399353
233.17399597	169.76800537
232.33599854	169.55200195
231.49800110	169.33599854
230.66000366	169.11999512
229.82200623	168.90400696
228.98399353	168.68800354
228.14599609	168.47200012
227.30799866	168.25599670
226.47000122	168.03999329
225.63200378	167.82400513
224.79400635	167.60800171
223.95599365	167.39199829
223.11799622	167.17599487
222.27999878	166.96000671
221.44200134	166.74400330
220.60400391	166.52799988
219.76600647	166.31199646
218.92799377	166.09599304
218.08999634	165.88000488
217.25199890	165.66400146
216.41400146	165.44799805
215.57600403	165.23199463
214.73800659	165.01600647
213.89999390	164.80000305
213.06199646	164.58399963
212.22399902	164.36799622
211.38600159	164.15199280
210.54800415	163.93600464
209.71000671	163.72000122
208.87199402	163.50399780
208.03399658	163.28799438
207.19599915	163.07200623
206.35800171	162.85600281
205.52000427	162.63999939
204.68200684	162.42399597
203.84399414	162.20799255
203.00599670	161.99200439
202.16799927	161.77600098
201.33000183	161.55999756
200.49200439	161.34399414
199.65400696	161.12800598
198.81599426	160.91200256
197.97799683	160.69599915
197.13999939	160.47999573
196.30200195	160.26400757
195.46400452	160.04800415
194.62600708	159.83200073
193.78799438	159.61599731
192.94999695	159.39999390
192.11199951	159.18400574
191.27400208	158.96800232
190.43600464	158.75199890
189.59800720	158.53599548
188.75999451	158.32000732
187.92199707	158.10400391
187.08399963	157.88800049
186.24600220	157.67199707
185.40800476	157.45599365
184.57000732	157.24000549
183.73199463	157.02400208
182.89399719	156.80799866
182.05599976	156.59199524
181.21800232	156.37600708
180.38000488	156.16000366
179.54200745	155.94400024
178.70399475	155.72799683
177.86599731	155.51199341
177.02799988	155.29600525
176.19000244	155.08000183
175.35200500	154.86399841
174.51400757	154.64799500
173.67599487	154.43200684
172.83799744	154.21600342
200.00000000	100.00000000
200.13000488	100.08000183
200.25999451	100.16000366
200.38999939	100.23999786
200.52000427	100.31999969
200.64999390	100.40000153
200.77999878	100.48000336
200.91000366	100.55999756
201.03999329	100.63999939
201.16999817	100.72000122
201.30000305	100.80000305
201.42999268	100.87999725
201.55999756	100.95999908
201.69000244	101.04000092
201.82000732	101.12000275
201.94999695	101.19999695
202.08000183	101.27999878
202.21000671	101.36000061
202.33999634	101.44000244
202.47000122	101.51999664
202.60000610	101.59999847
202.72999573	101.68000031
202.86000061	101.76000214
202.99000549	101.83999634
203.11999512	101.91999817
203.25000000	102.00000000
203.38000488	102.08000183
203.50999451	102.16000366
203.63999939	102.23999786
203.77000427	102.31999969
203.89999390	102.40000153
204.02999878	102.48000336
204.16000366	102.55999756
204.28999329	102.63999939
204.41999817	102.72000122
204.55000305	102.80000305
204.67999268	102.87999725
204.80999756	102.95999908
204.94000244	103.04000092
205.07000732	103.12000275
205.19999695	103.19999695
205.33000183	103.27999878
205.46000671	103.36000061
205.58999634	103.44000244
205.72000122	103.51999664
205.85000610	103.59999847
205.97999573	103.68000031
206.11000061	103.76000214
206.24000549	103.83999634
206.36999512	103.91999817
206.50000000	104.00000000
206.63000488	104.08000183
206.75999451	104.16000366
206.88999939	104.23999786
207.02000427	104.31999969
207.14999390	104.40000153
207.27999878	104.48000336
207.41000366	104.55999756
207.53999329	104.63999939
207.66999817	104.72000122
207.80000305	104.80000305
207.92999268	104.87999725
208.05999756	104.95999908
208.19000244	105.04000092
208.32000732	105.12000275
208.44999695	105.19999695
208.58000183	105.27999878
208.71000671	105.36000061
208.83999634	105.44000244
208.97000122	105.51999664
209.10000610	105.59999847
209.22999573	105.68000031
209.36000061	105.76000214
209.49000549	105.83999634
209.61999512	105.91999817
209.75000000	106.00000000
209.88000488	106.08000183
210.00999451	106.16000366
210.13999939	106.23999786
210.27000427	106.31999969
210.39999390	106.40000153
210.52999878	106.48000336
210.66000366	106.55999756
210.78999329	106.63999939
210.91999817	106.72000122
211.05000305	106.80000305
211.17999268	106.87999725
211.30999756	106.95999908
211.44000244	107.04000092
211.57000732	107.12000275
211.69999695	107.19999695
211.83000183	107.27999878
211.96000671	107.36000061
212.08999634	107.44000244
212.22000122	107.51999664
212.35000610	107.59999847
212.47999573	107.68000031
212.61000061	107.76000214
212.74000549	107.83999634
212.86999512	107.91999817
213.00000000	108.00000000
213.13000488	108.08000183
213.25999451	108.16000366
213.38999939	108.23999786
213.52000427	108.31999969
213.64999390	108.40000153
213.77999878	108.48000336
213.91000366	108.55999756
214.03999329	108.63999939
214.16999817	108.72000122
214.30000305	108.80000305
214.42999268	108.87999725
214.55999756	108.95999908
214.69000244	109.04000092
214.82000732	109.12000275
214.94999695	109.19999695
215.08000183	109.27999878
215.21000671	109.36000061
215.33999634	109.44000244
215.47000122	109.51999664
215.60000610	109.59999847
215.72999573	109.68000031
215.86000061	109.76000214
215.99000549	109.83999634
216.11999512	109.91999817
216.25000000	110.00000000
216.38000488	110.08000183
216.50999451	110.16000366
216.63999939	110.23999786
216.77000427	110.31999969
216.89999390	110.40000153
217.02999878	110.48000336
217.16000366	110.55999756
217.28999329	110.63999939
217.41999817	110.72000122
217.55000305	110.80000305
217.67999268	110.87999725
217.80999756	110.95999908
217.94000244	111.04000092
218.07000732	111.12000275
218.19999695	111.19999695
218.33000183	111.27999878
218.46000671	111.36000061
218.58999634	111.44000244
218.72000122	111.51999664
218.85000610	111.59999847
218.97999573	111.68000031
219.11000061	111.76000214
219.24000549	111.83999634
219.36999512	111.91999817
219.50000000	112.00000000
219.63000488	112.08000183
219.75999451	112.16000366
219.88999939	112.23999786
220.02000427	112.31999969
220.14999390	112.40000153
220.27999878	112.48000336
220.41000366	112.55999756
220.53999329	112.63999939
220.66999817	112.72000122
220.80000305	112.80000305
220.92999268	112.87999725
221.05999756	112.95999908
221.19000244	113.04000092
221.32000732	113.12000275
221.44999695	113.19999695
221.58000183	113.27999878
221.71000671	113.36000061
221.83999634	113.44000244
221.97000122	113.51999664
222.10000610	113.59999847
222.22999573	113.68000031
222.36000061	113.76000214
222.49000549	113.83999634
222.61999512	113.91999817
222.75000000	114.00000000
222.88000488	114.08000183
223.00999451	114.16000366
223.13999939	114.23999786
223.27000427	114.31999969
223.39999390	114.40000153
223.52999878	114.48000336
223.66000366	114.55999756
223.78999329	114.63999939
223.91999817	114.72000122
224.05000305	114.80000305
224.17999268	114.87999725
224.30999756	114.95999908
224.44000244	115.04000092
224.57000732	115.12000275
224.69999695	115.19999695
224.83000183	115.27999878
224.96000671	115.36000061
225.08999634	115.44000244
225.22000122	115.51999664
225.35000610	115.59999847
225.47999573	115.68000031
225.61000061	115.76000214
225.74000549	115.83999634
225.86999512	115.91999817
226.00000000	116.00000000
226.13000488	116.08000183
226.25999451	116.16000366
226.3899993